2000	5244
0	1	415
1	0	415
2	3	851
2	4	10
2	7	803
3	2	851
3	309	395
4	273	364
4	2	10
4	274	710
4	388	410
5	6	711
5	8	239
5	9	146
6	305	330
6	5	711
6	309	691
6	310	693
7	16	737
7	2	803
7	8	775
8	5	239
8	7	775
9	5	146
9	12	741
10	22	596
10	11	423
10	77	172
11	10	423
11	44	739
12	9	741
12	13	516
12	14	175
13	12	516
14	20	83
14	12	175
14	15	128
15	310	309
15	312	840
15	14	128
16	17	818
16	18	654
16	7	737
17	16	818
18	16	654
18	24	405
18	266	236
19	20	377
19	21	450
19	23	498
19	25	863
20	19	377
20	24	161
20	312	434
20	14	83
21	19	450
22	69	626
22	10	596
22	58	946
22	44	974
23	19	498
23	38	803
23	24	755
24	18	405
24	20	161
24	23	755
24	303	14
25	19	863
25	26	181
25	29	725
26	37	834
26	312	687
26	25	181
27	28	562
27	29	225
27	30	964
28	27	562
29	25	725
29	314	836
29	27	225
30	32	277
30	27	964
30	31	635
31	30	635
32	33	736
32	34	843
32	30	277
33	32	736
34	32	843
34	35	617
34	36	919
35	34	617
36	34	919
36	37	51
36	40	250
36	313	651
37	36	51
37	313	658
37	26	834
38	52	699
38	23	803
38	39	674
39	38	674
39	317	677
39	303	449
40	67	767
40	36	250
40	45	539
41	57	420
41	42	19
41	43	540
42	279	789
42	41	19
43	41	540
44	51	257
44	22	974
44	11	739
44	45	385
45	275	841
45	279	480
45	40	539
45	44	385
46	56	343
46	59	18
46	47	951
47	55	868
47	60	435
47	46	951
48	49	44
48	277	108
48	54	359
48	63	339
49	48	44
49	55	181
50	51	291
50	58	486
50	61	408
51	50	291
51	44	257
52	132	315
52	53	466
52	38	699
52	71	897
53	52	466
53	277	208
53	278	282
53	279	720
54	48	359
54	55	191
54	60	534
54	62	718
55	49	181
55	54	191
55	47	868
56	65	738
56	57	320
56	46	343
57	64	200
57	56	320
57	41	420
57	75	565
58	50	486
58	22	946
58	70	893
59	65	198
59	68	663
59	60	169
59	46	18
60	54	534
60	59	169
60	47	435
61	81	816
61	50	408
61	70	87
62	68	359
62	54	718
62	63	717
63	48	339
63	62	717
64	80	688
64	66	337
64	57	200
65	56	738
65	59	198
65	75	784
65	78	125
66	64	337
66	86	654
66	73	26
67	40	767
68	59	663
68	62	359
68	78	793
69	83	421
69	22	626
69	70	691
69	76	131
70	69	691
70	58	893
70	61	87
70	93	264
71	52	897
71	72	54
71	319	990
72	71	54
72	317	887
72	318	279
73	66	26
73	74	551
73	79	412
74	73	551
75	80	134
75	65	784
75	82	239
75	57	565
76	69	131
76	198	432
76	88	858
76	77	559
77	197	869
77	10	172
77	76	559
78	65	125
78	82	314
78	68	793
79	81	449
79	73	412
79	89	908
80	64	688
80	86	914
80	87	685
80	75	134
81	61	816
81	93	277
81	79	449
81	95	461
82	87	406
82	106	931
82	75	239
82	78	314
83	69	421
83	88	85
83	92	261
84	352	827
84	85	799
85	84	799
85	853	680
85	895	858
86	80	914
86	66	654
86	89	100
86	94	648
87	80	685
87	82	406
87	99	21
87	94	642
88	96	354
88	83	85
88	387	505
88	76	858
89	97	953
89	86	100
89	79	908
89	95	105
90	400	597
90	1520	157
90	297	241
90	1642	800
90	91	989
91	295	265
91	297	172
91	345	72
91	90	989
92	96	170
92	98	743
92	83	261
92	93	211
93	81	277
93	70	264
93	92	211
94	97	107
94	86	648
94	87	642
94	108	191
95	81	461
95	101	468
95	102	390
95	89	105
96	103	266
96	88	354
96	104	973
96	92	170
97	102	711
97	89	953
97	107	899
97	94	107
98	101	153
98	104	823
98	92	743
99	100	551
99	87	21
99	105	67
100	99	551
100	108	379
100	109	496
101	112	934
101	98	153
101	95	468
102	97	711
102	113	328
102	95	390
102	111	511
103	96	266
103	115	477
103	124	978
104	96	973
104	98	823
104	115	991
104	120	293
105	99	67
105	106	641
106	82	931
106	105	641
107	97	899
107	113	561
107	346	646
107	108	790
108	100	379
108	107	790
108	94	191
108	110	222
109	100	496
109	118	264
109	110	800
110	346	781
110	108	222
110	109	800
111	112	79
111	102	511
111	119	217
111	122	926
112	101	934
112	111	79
113	114	358
113	102	328
113	121	544
113	107	561
114	113	358
115	128	495
115	103	477
115	104	991
115	120	429
115	123	405
116	117	794
116	133	263
116	118	171
117	116	794
118	116	171
118	109	264
119	120	358
119	125	534
119	111	217
120	115	429
120	119	358
120	104	293
121	113	544
121	122	22
121	126	105
122	121	22
122	125	378
122	111	926
122	127	981
123	115	405
123	136	918
123	124	249
124	103	978
124	123	249
124	347	913
125	128	593
125	129	291
125	119	534
125	122	378
126	130	714
126	121	105
126	127	382
127	129	694
127	134	333
127	122	981
127	126	382
128	115	495
128	138	729
128	125	593
129	137	625
129	125	291
129	127	694
130	131	203
130	134	976
130	126	714
131	130	203
132	52	315
132	151	665
132	152	602
133	116	263
134	130	976
134	137	931
134	142	904
134	127	333
135	136	847
135	284	767
136	135	847
136	123	918
136	347	535
137	129	625
137	145	877
137	134	931
137	138	566
138	128	729
138	144	479
138	137	566
139	140	28
140	139	28
141	325	419
141	142	54
141	143	786
142	145	936
142	134	904
142	141	54
143	144	258
143	145	343
143	141	786
144	177	934
144	138	479
144	143	258
145	137	877
145	142	936
145	143	343
146	147	564
146	148	832
146	149	902
147	146	564
147	148	996
147	150	590
147	412	582
148	146	832
148	147	996
148	324	616
148	278	67
149	161	149
149	146	902
149	150	747
150	147	590
150	149	747
150	406	208
150	411	603
151	132	665
151	153	860
151	156	823
152	132	602
152	153	468
152	154	590
153	151	860
153	152	468
153	154	784
154	152	590
154	153	784
155	166	923
155	156	737
155	157	415
156	278	136
156	151	823
156	155	737
157	162	797
157	170	911
157	155	415
158	160	488
158	280	689
158	159	359
159	280	877
159	282	901
159	158	359
160	158	488
161	149	149
161	328	185
161	175	213
162	157	797
163	164	693
163	180	677
163	165	758
164	163	693
164	180	786
164	327	16
165	163	758
165	166	437
165	171	314
166	165	437
166	155	923
166	332	375
167	168	246
167	169	641
167	172	60
168	167	246
168	281	630
168	286	606
169	167	641
170	171	910
170	157	911
171	165	314
171	170	910
172	176	875
172	292	727
172	167	60
173	176	918
173	174	327
173	175	39
174	173	327
175	161	213
175	178	759
175	173	39
176	178	136
176	172	875
176	173	918
177	144	934
178	176	136
178	181	22
178	175	759
179	180	885
179	184	695
179	185	803
180	163	677
180	179	885
180	164	786
181	178	22
181	182	785
181	183	325
182	181	785
183	291	578
183	181	325
183	185	472
184	179	695
185	179	803
185	183	472
185	186	952
186	185	952
186	187	820
186	188	499
187	336	781
187	186	820
187	333	303
188	289	318
188	194	302
188	186	499
189	193	314
189	190	232
189	191	843
190	189	232
191	189	843
192	193	888
192	196	617
193	192	888
193	189	314
194	195	68
194	361	953
194	188	302
195	194	68
195	338	452
195	196	705
196	192	617
196	195	705
197	387	982
197	198	16
197	77	869
198	197	16
198	76	432
199	200	989
199	205	210
199	206	570
200	373	306
200	199	989
200	376	914
200	361	860
201	213	874
201	202	280
201	203	711
201	204	347
202	208	280
202	201	280
202	383	953
203	201	711
203	383	108
204	210	744
204	212	464
204	201	347
204	205	236
205	199	210
205	204	236
206	210	386
206	199	570
206	207	551
207	1203	348
207	376	241
207	206	551
208	209	93
208	213	148
208	214	750
208	202	280
209	208	93
209	288	8
209	290	602
209	287	876
210	211	319
210	215	881
210	204	744
210	206	386
211	210	319
211	1203	672
211	220	237
211	223	113
212	213	727
212	215	413
212	204	464
212	221	751
213	208	148
213	212	727
213	201	874
213	222	133
214	208	750
214	299	526
214	222	820
215	210	881
215	226	770
215	212	413
215	223	997
216	225	430
216	227	370
216	217	210
217	224	896
217	216	210
217	219	236
218	224	985
218	230	488
218	219	968
218	220	388
219	360	55
219	217	236
219	218	968
220	211	237
220	231	117
220	360	195
220	218	388
221	226	2
221	243	96
221	212	751
221	222	386
222	213	133
222	214	820
222	221	386
223	211	113
223	229	29
223	215	997
223	231	170
224	227	71
224	217	896
224	218	985
224	234	216
225	228	947
225	216	430
225	233	726
226	229	335
226	215	770
226	221	2
226	350	832
227	224	71
227	216	370
227	233	319
227	236	966
228	225	947
228	232	682
228	235	136
229	226	335
229	238	39
229	223	29
230	231	336
230	218	488
230	234	993
230	237	770
231	230	336
231	220	117
231	238	576
231	223	170
232	228	682
232	1380	954
232	1355	522
233	240	655
233	225	726
233	227	319
233	235	274
234	224	216
234	230	993
234	236	917
234	239	972
235	228	136
235	244	466
235	233	274
236	240	987
236	227	966
236	234	917
237	230	770
237	343	754
237	238	97
237	239	864
238	229	39
238	231	576
238	237	97
239	245	350
239	264	53
239	234	972
239	237	864
240	244	757
240	245	538
240	233	655
240	236	987
241	242	320
241	243	245
241	296	990
242	241	320
242	356	45
242	350	914
243	241	245
243	299	759
243	221	96
243	350	913
244	240	757
244	357	213
244	246	443
244	235	466
245	240	538
245	246	287
245	239	350
246	244	443
246	245	287
246	359	983
247	259	380
247	405	904
247	248	686
247	249	438
248	357	74
248	358	630
248	247	686
249	247	438
249	250	132
249	251	531
250	405	834
250	263	721
250	249	132
251	258	494
251	263	525
251	249	531
252	256	728
252	253	276
252	254	550
253	294	267
253	252	276
254	252	550
255	256	805
255	257	952
255	260	562
256	293	558
256	341	147
256	252	728
256	255	805
257	297	892
257	255	952
258	259	975
258	265	500
258	251	494
259	258	975
259	247	380
259	1371	394
260	340	676
260	261	441
260	255	562
261	260	441
261	344	402
262	263	646
263	262	646
263	250	721
263	251	525
264	265	518
264	397	182
264	239	53
265	258	500
265	264	518
265	1371	887
266	18	236
266	303	392
267	321	581
267	306	712
267	268	312
267	269	713
268	321	938
268	1410	302
268	267	312
268	269	711
269	321	327
269	1400	420
269	267	713
269	268	711
270	272	158
270	1666	18
270	404	176
270	271	303
271	595	191
271	270	303
272	595	480
272	270	158
273	4	364
274	4	710
274	309	177
275	276	542
275	284	411
275	45	841
276	275	542
276	313	806
277	48	108
277	53	208
277	326	420
278	148	67
278	53	282
278	156	136
279	53	720
279	42	789
279	45	480
280	281	74
280	158	689
280	159	877
281	168	630
281	280	74
282	283	458
282	159	901
283	282	458
283	285	762
284	275	411
284	406	589
284	135	767
285	406	508
285	283	762
286	292	485
286	168	606
287	209	876
287	290	669
287	372	631
288	209	8
288	298	382
288	302	666
289	291	469
289	362	703
289	188	318
290	209	602
290	373	53
290	375	850
290	287	669
291	289	469
291	292	828
291	183	578
292	291	828
292	172	727
292	286	485
293	256	558
293	294	291
293	297	205
294	293	291
294	253	267
295	296	512
295	298	19
295	91	265
295	382	933
296	384	884
296	241	990
296	295	512
297	257	892
297	293	205
297	90	241
297	91	172
298	288	382
298	803	967
298	295	19
298	299	205
299	243	759
299	214	526
299	298	205
300	368	396
300	370	984
300	301	1000
300	302	68
301	401	301
301	1075	78
301	300	1000
302	288	666
302	401	433
302	371	658
302	300	68
303	304	112
303	39	449
303	24	14
303	266	392
304	303	112
305	6	330
306	1401	555
306	267	712
307	308	915
308	307	915
309	274	177
309	3	395
309	6	691
310	6	693
310	311	761
310	15	309
311	310	761
312	20	434
312	26	687
312	15	840
313	36	651
313	276	806
313	37	658
314	315	163
314	316	84
314	29	836
315	314	163
316	314	84
317	39	677
317	72	887
318	72	279
319	320	155
319	71	990
320	319	155
321	267	581
321	268	938
321	269	327
322	323	40
322	324	852
322	412	528
323	322	40
324	322	852
324	148	616
324	325	112
325	324	112
325	141	419
326	277	420
327	164	16
327	328	690
327	329	445
328	161	185
328	327	690
329	327	445
329	330	573
330	329	573
330	331	206
331	330	206
332	166	375
333	187	303
333	334	409
333	335	997
334	333	409
335	333	997
336	187	781
337	338	490
337	339	416
337	377	987
338	337	490
338	195	452
339	337	416
340	260	676
340	341	710
340	348	655
341	256	147
341	416	282
341	340	710
341	342	948
342	341	948
343	237	754
344	261	402
344	345	721
345	403	672
345	344	721
345	91	72
345	382	174
346	107	646
346	110	781
347	136	535
347	124	913
348	416	275
348	340	655
348	349	676
349	348	676
350	226	832
350	242	914
350	243	913
350	351	206
351	350	206
352	84	827
353	354	910
353	355	408
354	353	910
354	508	659
354	509	933
355	353	408
356	242	45
357	244	213
357	359	724
357	248	74
358	359	377
358	248	630
359	357	724
359	246	983
359	358	377
360	1203	21
360	219	55
360	220	195
361	194	953
361	200	860
361	377	305
361	362	826
362	289	703
362	361	826
362	367	151
363	364	373
363	991	224
364	1009	342
364	1001	18
364	363	373
365	366	578
366	365	578
367	374	55
367	362	151
368	369	172
368	370	103
368	300	396
369	368	172
369	419	860
369	486	879
370	368	103
370	371	429
370	300	984
371	370	429
371	372	919
371	302	658
372	371	919
372	287	631
373	290	53
373	374	264
373	375	265
373	200	306
374	373	264
374	375	443
374	367	55
375	290	850
375	373	265
375	374	443
376	391	182
376	200	914
376	377	556
376	207	241
377	337	987
377	391	388
377	376	556
377	361	305
378	379	992
379	378	992
380	1539	13
380	381	339
380	1534	771
380	1550	314
381	1364	18
381	380	339
381	1550	563
382	802	510
382	295	933
382	345	174
383	202	953
383	203	108
384	296	884
385	386	683
385	390	693
385	392	854
386	385	683
386	630	383
386	631	788
386	410	41
387	197	982
387	88	505
388	4	410
388	389	82
389	388	82
390	385	693
390	392	868
390	410	959
391	405	306
391	376	182
391	377	388
392	385	854
392	390	868
392	1327	365
393	1488	719
393	1699	299
393	1095	233
393	394	264
394	1488	404
394	393	264
394	1469	120
394	398	320
395	396	289
396	395	289
397	400	434
397	420	704
397	264	182
398	394	320
398	1468	134
398	399	947
399	1472	311
399	1467	280
399	398	947
400	90	597
400	1642	860
400	397	434
401	402	466
401	825	588
401	301	301
401	302	433
402	401	466
402	803	301
402	825	902
403	345	672
403	825	26
403	841	342
403	1020	544
404	1398	561
404	407	807
404	425	161
404	270	176
405	247	904
405	391	306
405	250	834
406	150	208
406	284	589
406	285	508
407	404	807
407	408	302
407	425	496
408	407	302
408	409	392
408	1386	602
409	1667	939
409	408	392
409	1592	921
410	386	41
410	390	959
410	1769	105
411	150	603
412	322	528
412	147	582
413	418	978
413	489	409
413	414	308
414	489	699
414	490	218
414	491	865
414	413	308
415	416	591
415	421	359
415	422	528
416	341	282
416	488	410
416	348	275
416	415	591
417	418	797
417	419	406
417	505	509
418	417	797
418	413	978
419	369	860
419	417	406
419	486	122
419	487	311
420	421	220
420	524	455
420	397	704
421	420	220
421	504	953
421	415	359
422	426	952
422	415	528
423	424	832
423	428	537
423	430	784
424	423	832
424	488	417
424	430	393
424	494	702
425	404	161
425	1396	906
425	407	496
426	422	952
426	427	642
427	432	179
427	426	642
427	428	169
428	496	465
428	423	537
428	488	114
428	427	169
429	434	104
429	430	582
429	431	967
430	434	178
430	423	784
430	424	393
430	429	582
431	443	776
431	429	967
432	515	21
432	456	746
432	427	179
433	434	967
433	443	965
433	492	260
434	433	967
434	443	430
434	429	104
434	430	178
435	436	645
435	437	979
435	438	927
436	529	820
436	435	645
436	527	283
437	435	979
438	435	927
438	536	858
438	600	422
439	452	273
439	440	829
439	508	482
440	515	802
440	439	829
440	601	628
441	442	339
441	445	656
442	441	339
443	433	965
443	434	430
443	492	112
443	431	776
444	445	971
444	446	796
445	441	656
445	444	971
446	444	796
447	448	989
448	447	989
449	450	23
449	485	13
450	449	23
451	452	650
452	451	650
452	516	908
452	439	273
453	454	11
454	498	699
454	453	11
455	456	445
455	457	484
455	462	726
456	432	746
456	496	700
456	455	445
457	455	484
457	521	702
457	458	810
458	520	649
458	457	810
458	459	837
458	461	607
459	458	837
459	460	569
459	461	622
460	521	111
460	459	569
460	461	858
461	458	607
461	459	622
461	460	858
462	455	726
462	522	84
462	587	308
462	588	926
463	464	489
463	467	579
463	580	240
464	538	324
464	539	368
464	463	489
465	466	589
466	465	589
467	463	579
468	469	620
468	470	503
469	579	552
469	468	620
469	580	474
470	468	503
471	472	695
471	475	692
472	471	695
472	573	684
473	474	777
473	1580	114
474	473	777
475	484	460
475	471	692
475	575	115
476	497	697
476	477	388
477	530	918
477	500	511
477	476	388
478	775	342
478	807	219
478	776	838
478	479	281
479	478	281
480	481	504
481	480	504
481	554	247
481	556	621
482	483	292
483	482	292
483	548	648
483	550	466
484	475	460
485	449	13
486	369	879
486	419	122
486	487	235
487	419	311
487	596	967
487	486	235
488	416	410
488	424	417
488	428	114
489	602	460
489	604	399
489	413	409
489	414	699
490	491	669
490	603	64
490	414	218
491	596	795
491	490	669
491	414	865
492	433	260
492	443	112
492	493	908
492	527	207
493	492	908
494	424	702
494	505	132
494	507	96
495	496	395
496	456	700
496	428	465
496	495	395
497	476	697
498	499	827
498	454	699
499	577	884
499	498	827
500	477	511
501	502	415
501	503	2
502	501	415
502	540	349
502	542	511
503	501	2
503	540	935
504	421	953
505	417	509
505	506	374
505	494	132
506	505	374
507	494	96
508	354	659
508	439	482
508	510	498
509	513	256
509	354	933
509	514	549
510	508	498
511	512	454
511	515	957
512	511	454
513	509	256
514	509	549
515	432	21
515	440	802
515	511	957
516	452	908
517	518	412
517	519	364
518	517	412
519	517	364
520	458	649
521	457	702
521	522	788
521	460	111
522	521	788
522	523	585
522	462	84
523	522	585
524	420	455
524	525	263
524	526	200
525	524	263
526	524	200
527	528	799
527	436	283
527	492	207
528	527	799
529	436	820
530	531	421
530	477	918
531	530	421
532	533	409
532	537	79
533	532	409
534	594	570
534	535	783
534	536	326
535	594	407
535	534	783
535	605	691
536	594	781
536	438	858
536	534	326
537	532	79
538	464	324
539	464	368
540	502	349
540	503	935
540	541	980
541	540	980
542	502	511
542	543	70
543	544	879
543	547	801
543	542	70
544	549	810
544	543	879
545	546	946
546	545	946
546	1998	187
547	548	83
547	543	801
548	483	648
548	547	83
548	549	423
549	544	810
549	548	423
550	483	466
550	551	372
550	552	786
551	550	372
552	550	786
552	553	336
553	552	336
553	554	886
554	481	247
554	553	886
554	555	1000
555	554	1000
555	556	506
556	481	621
556	555	506
556	557	461
557	556	461
557	558	603
558	557	603
558	559	48
559	597	548
559	598	804
559	558	48
560	561	369
561	560	369
561	564	395
562	563	30
562	564	98
562	565	355
563	562	30
564	561	395
564	562	98
565	562	355
565	566	143
566	565	143
566	567	337
567	566	337
567	568	132
568	567	132
568	571	451
569	570	249
569	571	545
569	572	483
570	569	249
571	568	451
571	569	545
572	569	483
572	575	604
573	576	560
573	472	684
573	574	559
574	573	559
575	475	115
575	572	604
576	573	560
577	578	137
577	499	884
577	579	540
578	577	137
579	577	540
579	469	552
580	469	474
580	581	141
580	463	240
581	580	141
581	582	980
581	583	610
582	581	980
583	581	610
583	584	523
583	585	93
584	583	523
585	583	93
585	586	135
585	587	287
586	585	135
587	585	287
587	588	625
587	462	308
588	587	625
588	589	130
588	462	926
589	588	130
589	590	144
589	591	45
590	589	144
591	592	291
591	593	97
591	589	45
592	591	291
593	591	97
593	607	383
594	534	570
594	535	407
594	536	781
595	272	480
595	1386	858
595	271	191
596	487	967
596	491	795
597	559	548
598	559	804
599	600	884
599	607	241
600	438	422
600	599	884
601	440	628
602	489	460
602	603	214
602	604	17
603	490	64
603	602	214
604	489	399
604	602	17
604	605	272
605	535	691
605	604	272
605	606	496
606	605	496
607	593	383
607	599	241
608	609	368
608	610	803
608	612	450
608	682	256
609	608	368
609	684	984
609	702	930
610	608	803
610	698	674
610	683	124
610	702	857
611	612	838
611	613	543
611	614	898
612	608	450
612	611	838
612	619	126
612	684	979
613	611	543
613	684	18
613	703	607
614	611	898
614	618	264
614	622	553
615	616	411
615	617	784
615	623	962
616	615	411
616	808	763
616	811	964
617	615	784
618	659	263
618	614	264
618	619	190
619	612	126
619	618	190
619	682	569
619	683	757
620	628	707
620	1740	508
620	621	55
620	622	332
621	660	750
621	620	55
621	622	470
622	659	29
622	614	553
622	620	332
622	621	470
623	624	608
623	625	131
623	615	962
624	1012	793
624	623	608
624	831	154
625	626	363
625	623	131
626	625	363
626	634	417
626	685	824
627	628	971
627	629	808
627	637	968
627	638	696
628	627	971
628	695	461
628	620	707
629	627	808
629	668	555
629	637	602
629	669	516
630	386	383
630	631	341
630	686	582
631	386	788
631	707	6
631	630	341
632	1557	829
632	633	205
632	1514	631
633	632	205
633	1514	335
634	626	417
634	645	636
634	635	710
635	659	860
635	646	569
635	634	710
635	683	188
636	672	465
636	637	450
636	639	170
637	627	968
637	629	602
637	636	450
637	639	883
638	627	696
638	653	965
638	639	303
639	636	170
639	637	883
639	653	267
639	638	303
640	641	605
640	673	910
640	642	945
641	640	605
641	672	127
641	673	992
641	654	508
641	655	219
642	640	945
642	649	931
642	651	236
643	657	910
643	644	386
643	650	955
644	643	386
644	664	165
644	665	757
644	666	819
645	646	80
645	634	636
646	645	80
646	681	600
646	635	569
646	1758	928
647	1056	541
647	678	205
647	648	148
647	687	972
648	647	148
648	1399	494
649	642	931
649	650	519
649	651	912
650	656	362
650	643	955
650	649	519
651	642	236
651	649	912
651	655	562
652	653	811
652	654	831
652	670	707
653	667	65
653	652	811
653	638	965
653	639	267
654	641	508
654	674	911
654	652	831
654	655	730
654	671	232
655	641	219
655	676	640
655	651	562
655	654	730
656	657	180
656	658	493
656	676	410
656	650	362
657	656	180
657	643	910
657	677	180
658	656	493
658	691	426
658	1738	148
659	618	263
659	635	860
659	683	389
659	622	29
660	704	765
660	661	992
660	621	750
661	704	83
661	705	958
661	660	992
662	685	330
664	673	818
664	644	165
664	694	60
665	644	757
666	673	142
666	644	819
667	688	157
667	653	65
667	670	192
668	629	555
669	629	516
670	1737	149
670	667	192
670	652	707
670	671	170
671	674	137
671	654	232
671	670	170
672	641	127
672	636	465
673	640	910
673	641	992
673	664	818
673	666	142
674	675	514
674	654	911
674	671	137
674	1743	240
675	674	514
675	690	472
675	676	160
676	656	410
676	675	160
676	691	896
676	655	640
677	657	180
677	680	315
678	647	205
678	1403	573
679	680	890
680	677	315
680	1829	576
680	679	890
681	646	600
682	608	256
682	696	236
682	619	569
683	610	124
683	659	389
683	619	757
683	635	188
684	609	984
684	612	979
684	613	18
685	626	824
685	662	330
685	879	236
686	692	703
686	630	582
686	687	182
687	647	972
687	686	182
688	689	412
688	1745	964
688	1737	493
688	667	157
689	688	412
690	675	472
690	691	628
690	1031	339
690	697	35
691	658	426
691	690	628
691	676	896
691	1031	615
692	686	703
694	664	60
695	628	461
696	682	236
697	690	35
697	1748	993
697	1743	664
698	610	674
698	808	553
698	699	292
698	700	101
699	808	140
699	698	292
699	796	635
700	698	101
700	701	367
700	797	613
701	700	367
701	702	541
702	609	930
702	610	857
702	701	541
703	704	711
703	613	607
704	660	765
704	661	83
704	703	711
705	706	446
705	661	958
706	705	446
707	631	6
708	709	377
708	777	400
709	708	377
709	789	120
709	780	70
710	711	454
710	919	166
710	921	622
711	710	454
711	863	806
712	713	708
712	714	274
712	715	176
713	1040	779
713	712	708
713	922	118
714	1060	401
714	712	274
714	921	372
714	922	482
715	1060	975
715	1061	112
715	712	176
715	1065	174
716	720	428
716	717	958
716	1037	999
717	1040	248
717	716	958
717	1038	536
718	723	669
718	719	359
719	721	955
719	718	359
720	724	965
720	986	605
720	716	428
720	732	441
721	722	299
721	723	505
721	719	955
722	721	299
722	1064	655
722	1069	301
723	721	505
723	724	478
723	718	669
724	720	965
724	723	478
724	727	491
725	931	203
725	726	338
725	1046	432
725	729	684
726	1042	602
726	1044	661
726	725	338
727	724	491
727	728	753
727	730	486
728	1088	294
728	1089	537
728	727	753
728	975	583
729	740	369
729	725	684
729	735	146
730	737	303
730	727	486
730	975	695
731	736	426
731	732	606
731	733	295
732	720	441
732	731	606
732	988	747
733	736	488
733	930	162
733	731	295
733	734	538
734	988	841
734	733	538
734	1055	360
735	739	196
735	755	166
735	729	146
736	737	904
736	738	331
736	930	717
736	731	426
736	733	488
737	736	904
737	1026	806
737	730	303
738	736	331
738	929	56
738	744	270
739	747	684
739	748	462
739	735	196
740	741	124
740	729	369
740	746	304
741	740	124
741	1045	565
741	1047	710
742	753	666
742	755	270
742	743	537
743	929	437
743	930	388
743	931	903
743	742	537
744	738	270
744	745	287
744	927	677
745	1026	665
745	744	287
745	973	967
745	974	642
746	740	304
746	756	552
746	747	904
746	941	359
747	739	684
747	746	904
747	749	409
748	739	462
748	749	749
748	766	906
749	747	409
749	748	749
749	943	554
750	752	623
750	925	468
750	751	968
751	1025	623
751	973	105
751	750	968
751	975	244
752	1094	443
752	1099	440
752	750	623
753	754	642
753	742	666
753	774	636
754	753	642
754	929	634
755	742	270
755	761	663
755	735	166
756	757	332
756	746	552
756	767	302
757	756	332
757	1045	421
757	1048	491
758	773	641
758	759	612
758	760	749
758	782	232
759	1024	491
759	758	612
759	940	569
759	1023	194
760	758	749
760	774	202
760	972	264
760	927	482
761	755	663
761	787	121
761	765	577
762	769	968
762	763	520
762	764	564
763	762	520
763	1051	357
763	764	909
764	762	564
764	1050	24
764	763	909
765	761	577
765	810	872
765	766	761
766	748	906
766	765	761
766	989	144
767	768	178
767	979	304
767	756	302
768	1051	998
768	1052	663
768	767	178
769	770	481
769	984	240
769	762	968
770	769	481
770	772	545
770	805	732
771	772	225
772	770	545
772	771	225
773	758	641
773	774	386
773	793	776
774	753	636
774	773	386
774	760	202
774	938	62
775	776	83
775	1049	390
775	478	342
776	775	83
776	1053	30
776	478	838
777	708	400
777	789	524
777	790	774
778	804	562
778	779	984
778	780	917
778	958	685
779	778	984
779	1019	995
779	780	484
780	709	70
780	778	917
780	779	484
781	782	916
781	1134	290
781	783	212
782	758	232
782	793	856
782	940	680
782	781	916
783	781	212
784	785	162
784	801	642
784	786	58
785	784	162
786	784	58
787	791	788
787	761	121
787	938	420
788	789	621
788	790	940
788	796	59
789	788	621
789	709	120
789	777	524
790	788	940
790	777	774
790	797	432
791	787	788
791	937	335
791	795	333
792	793	601
792	794	745
792	814	97
792	815	607
793	773	776
793	792	601
793	794	863
793	782	856
794	792	745
794	793	863
794	938	239
794	939	633
795	801	877
795	791	333
795	936	803
796	788	59
796	699	635
796	797	690
797	790	432
797	700	613
797	796	690
798	800	578
798	807	22
798	799	309
799	960	72
799	798	309
799	958	221
799	1054	267
800	1053	889
800	798	578
800	1054	110
801	784	642
801	810	662
801	795	877
802	992	141
802	920	238
802	382	510
803	402	301
803	841	858
803	298	967
804	778	562
804	828	918
804	844	263
805	770	732
805	806	722
805	829	301
806	979	188
806	805	722
806	981	542
807	809	995
807	478	219
807	798	22
808	616	763
808	698	553
808	699	140
808	828	291
809	818	451
809	807	995
809	953	68
810	801	662
810	820	948
810	812	440
810	765	872
811	1013	810
811	616	964
811	831	169
812	823	915
812	810	440
812	813	944
813	812	944
813	941	487
813	942	877
813	943	623
814	837	708
814	792	97
814	824	203
815	837	292
815	792	607
815	875	664
816	817	533
816	818	738
816	840	152
816	830	375
817	816	533
817	976	602
817	1003	819
818	816	738
818	809	451
819	832	267
819	820	882
819	845	959
820	833	159
820	819	882
820	951	310
820	810	948
821	835	720
821	822	184
821	823	349
822	821	184
823	821	349
823	951	893
823	812	915
823	942	882
824	1377	20
824	1145	536
824	814	203
824	1326	768
825	401	588
825	402	902
825	403	26
825	1020	372
826	842	275
826	827	313
826	828	444
826	847	339
827	1013	905
827	826	313
828	804	918
828	869	979
828	808	291
828	826	444
829	805	301
829	838	543
829	830	636
830	816	375
830	829	636
831	624	154
831	842	856
831	811	169
832	833	418
832	834	691
832	819	267
833	832	418
833	834	233
833	820	159
833	936	866
834	832	691
834	833	233
834	937	131
834	939	840
835	836	247
835	821	720
835	838	161
836	835	247
837	866	614
837	814	708
837	815	292
838	835	161
838	858	479
838	829	543
839	852	479
839	840	680
839	959	111
840	816	152
840	839	680
840	952	318
840	953	244
841	1073	233
841	403	342
841	803	858
842	826	275
842	831	856
842	879	999
843	1010	676
843	869	2
843	844	794
843	846	476
844	1011	987
844	804	263
844	843	794
845	864	722
845	819	959
845	855	936
846	851	976
846	969	556
846	843	476
847	848	203
847	826	339
847	859	276
848	847	203
849	961	748
849	850	916
849	851	576
849	1005	688
850	849	916
850	962	339
850	851	945
850	959	54
851	849	576
851	850	945
851	970	947
851	846	976
852	839	479
852	856	282
852	862	193
853	85	680
854	855	562
854	903	407
855	854	562
855	950	186
855	951	678
855	845	936
856	883	285
856	852	282
856	877	330
857	882	514
857	872	845
857	858	296
858	838	479
858	951	429
858	952	821
858	857	296
859	868	200
859	878	399
859	847	276
860	963	296
860	876	869
860	861	634
860	862	19
861	961	405
861	964	60
861	971	366
861	860	634
862	962	470
862	852	193
862	860	19
862	877	519
863	711	806
863	1039	878
864	867	943
864	950	239
864	845	722
865	866	428
865	870	589
865	886	770
866	865	428
866	945	958
866	837	614
867	864	943
867	874	150
867	893	264
868	869	178
868	966	594
868	859	200
869	868	178
869	1016	892
869	843	2
869	828	979
870	865	589
870	884	306
870	871	146
871	870	146
871	1326	18
872	857	845
872	873	304
873	872	304
874	867	150
874	894	66
875	888	387
875	891	522
875	815	664
876	880	836
876	860	869
876	877	782
877	883	685
877	856	330
877	876	782
877	862	519
878	859	399
879	842	999
879	685	236
880	881	9
880	876	836
881	880	9
881	882	263
881	883	53
882	881	263
882	952	31
882	857	514
883	881	53
883	856	285
883	952	613
883	877	685
884	870	306
885	897	792
885	946	271
885	886	316
886	944	192
886	865	770
886	945	519
886	885	316
887	888	984
887	889	108
887	894	710
888	948	360
888	887	984
888	875	387
888	891	915
889	887	108
890	891	272
890	892	832
891	888	915
891	890	272
891	875	522
891	892	28
892	946	494
892	947	52
892	890	832
892	891	28
893	867	264
893	901	125
894	994	51
894	887	710
894	874	66
895	896	66
895	85	858
896	895	66
897	885	792
898	899	508
899	898	508
900	901	178
901	900	178
901	1014	313
901	893	125
902	903	636
903	854	407
903	902	636
903	905	128
904	905	564
905	903	128
905	904	564
905	1002	119
906	907	876
907	906	876
908	1017	792
908	955	44
908	909	288
909	954	375
909	955	228
909	908	288
910	1018	607
910	911	410
911	1008	568
911	1005	524
911	910	410
911	1007	959
912	913	937
912	1810	553
912	1817	297
913	912	937
913	1432	840
914	915	469
914	1327	56
915	914	469
916	917	611
916	1015	122
917	916	611
918	1057	227
918	919	132
919	1060	801
919	710	166
919	918	132
920	802	238
921	710	622
921	714	372
922	713	118
922	714	482
922	1039	991
925	928	410
925	750	468
925	926	805
925	1023	961
926	1123	618
926	925	805
926	1022	875
927	929	724
927	744	677
927	760	482
927	972	944
928	1024	663
928	1025	307
928	925	410
928	1023	114
929	738	56
929	754	634
929	743	437
929	927	724
930	736	717
930	743	388
930	733	162
930	1055	405
931	932	625
931	725	203
931	743	903
931	1055	867
932	931	625
932	1043	719
933	934	568
933	953	512
934	960	110
934	933	568
935	936	215
936	833	866
936	935	215
936	937	127
936	795	803
937	834	131
937	791	335
937	936	127
937	939	592
938	787	420
938	774	62
938	794	239
938	939	829
939	834	840
939	937	592
939	794	633
939	938	829
940	759	569
940	1288	528
940	782	680
940	1022	936
941	746	359
941	813	487
941	990	971
942	823	882
942	813	877
943	749	554
943	813	623
944	886	192
945	866	958
945	886	519
946	947	336
946	885	271
946	949	859
946	892	494
947	946	336
947	892	52
948	888	360
949	946	859
950	864	239
950	1014	904
950	855	186
950	1002	597
951	820	310
951	823	893
951	855	678
951	858	429
952	882	31
952	883	613
952	840	318
952	858	821
953	933	512
953	840	244
953	809	68
954	956	662
954	909	375
954	957	731
955	908	44
955	909	228
956	969	828
956	954	662
956	970	864
956	957	38
957	966	289
957	968	734
957	954	731
957	956	38
958	960	365
958	778	685
958	1019	45
958	799	221
959	960	174
959	850	54
959	962	652
959	839	111
960	934	110
960	958	365
960	799	72
960	959	174
961	849	748
961	964	512
961	971	815
961	861	405
962	850	339
962	971	772
962	862	470
962	959	652
963	964	664
963	965	670
963	860	296
963	1004	692
964	961	512
964	963	664
964	861	60
965	963	670
966	868	594
966	967	282
966	957	289
967	966	282
968	1016	500
968	957	734
969	1016	173
969	970	856
969	956	828
969	846	556
970	1008	89
970	851	947
970	969	856
970	956	864
971	961	815
971	962	772
971	861	366
972	1024	880
972	760	264
972	974	94
972	927	944
973	1025	497
973	1026	144
973	745	967
973	751	105
974	1024	359
974	1025	920
974	745	642
974	972	94
975	1094	275
975	728	583
975	730	695
975	751	244
976	817	602
976	977	650
976	978	384
977	976	650
977	984	355
978	976	384
979	980	944
979	806	188
979	767	304
980	979	944
981	806	542
982	983	136
983	982	136
984	769	240
984	977	355
985	1043	893
985	986	296
985	987	251
986	720	605
986	985	296
986	988	145
986	1037	817
987	985	251
988	986	145
988	732	747
988	1036	692
988	734	841
989	766	144
990	941	971
991	993	404
991	363	224
992	802	141
993	991	404
994	894	51
995	996	136
996	995	136
997	998	509
998	997	509
999	1000	355
1000	999	355
1001	364	18
1002	950	597
1002	1014	707
1002	905	119
1003	817	819
1004	963	692
1004	1005	882
1004	1007	248
1005	849	688
1005	1004	882
1005	1006	23
1005	911	524
1006	1005	23
1007	1004	248
1007	911	959
1008	1017	206
1008	970	89
1008	1018	594
1008	911	568
1009	1027	641
1009	1028	924
1009	364	342
1009	1021	553
1010	843	676
1011	844	987
1012	624	793
1013	811	810
1013	827	905
1014	901	313
1014	950	904
1014	1002	707
1015	916	122
1016	869	892
1016	968	500
1016	969	173
1017	1008	206
1017	908	792
1018	1008	594
1018	910	607
1019	779	995
1019	958	45
1019	1054	235
1020	403	544
1020	1075	998
1020	825	372
1021	1009	553
1021	1172	840
1021	1253	608
1021	1246	17
1022	940	936
1022	1308	437
1022	926	875
1022	1023	201
1023	928	114
1023	759	194
1023	925	961
1023	1022	201
1024	928	663
1024	759	491
1024	972	880
1024	974	359
1025	928	307
1025	973	497
1025	974	920
1025	751	623
1026	737	806
1026	745	665
1026	973	144
1027	1009	641
1028	1009	924
1029	1030	728
1030	1029	728
1031	690	339
1031	691	615
1031	1749	852
1032	1683	808
1032	1033	81
1033	1032	81
1034	1035	47
1035	1034	47
1036	988	692
1037	1041	632
1037	986	817
1037	716	999
1037	1038	299
1038	1041	11
1038	717	536
1038	1037	299
1039	922	991
1039	863	878
1040	713	779
1040	717	248
1041	1042	565
1041	1037	632
1041	1038	11
1042	1041	565
1042	1043	539
1042	726	602
1043	1042	539
1043	932	719
1043	985	893
1044	726	661
1044	1046	922
1045	741	565
1045	757	421
1046	1044	922
1046	725	432
1046	1047	441
1047	741	710
1047	1046	441
1048	757	491
1048	1052	292
1049	775	390
1049	1050	276
1050	1049	276
1050	764	24
1051	768	998
1051	763	357
1052	768	663
1052	1048	292
1053	800	889
1053	776	30
1054	800	110
1054	1019	235
1054	799	267
1055	930	405
1055	931	867
1055	734	360
1056	647	541
1057	1264	969
1057	1061	344
1057	918	227
1058	1059	213
1058	1354	974
1059	1264	904
1059	1058	213
1060	1061	839
1060	919	801
1060	714	401
1060	715	975
1061	1057	344
1061	1060	839
1061	715	112
1061	1263	397
1062	1265	794
1062	1268	92
1062	1063	10
1063	1268	130
1063	1062	10
1063	1354	674
1064	722	655
1064	1079	249
1064	1065	28
1065	1064	28
1065	715	174
1065	1068	549
1066	1076	480
1066	1067	452
1066	1068	504
1067	1268	905
1067	1269	852
1067	1270	112
1067	1066	452
1068	1270	561
1068	1065	549
1068	1066	504
1069	722	301
1070	1072	231
1070	1077	343
1070	1071	333
1071	1267	439
1071	1303	904
1071	1070	333
1072	1074	108
1072	1078	711
1072	1070	231
1073	841	233
1074	1072	108
1074	1078	592
1074	1082	296
1075	1570	241
1075	1020	998
1075	301	78
1076	1077	678
1076	1269	141
1076	1080	496
1076	1081	72
1076	1066	480
1077	1266	233
1077	1076	678
1077	1276	221
1077	1070	343
1078	1072	711
1078	1074	592
1078	1083	844
1079	1089	158
1079	1064	249
1079	1081	998
1080	1076	496
1080	1081	248
1080	1087	867
1081	1089	453
1081	1076	72
1081	1079	998
1081	1080	248
1082	1074	296
1082	1085	302
1083	1092	374
1083	1078	844
1083	1276	38
1084	1093	172
1084	1085	228
1085	1092	423
1085	1082	302
1085	1084	228
1086	1088	677
1086	1090	120
1086	1087	318
1087	1080	867
1087	1277	434
1087	1086	318
1088	1089	222
1088	1094	888
1088	728	294
1088	1086	677
1089	1088	222
1089	1079	158
1089	728	537
1089	1081	453
1090	1091	955
1090	1097	514
1090	1086	120
1091	1090	955
1091	1276	49
1091	1101	139
1091	1277	258
1092	1104	83
1092	1083	374
1092	1275	981
1092	1085	423
1093	1105	368
1093	1098	726
1093	1084	172
1094	752	443
1094	1088	888
1094	975	275
1095	1463	767
1095	1096	668
1095	393	233
1096	1095	668
1096	1435	933
1096	1452	722
1097	1090	514
1097	1099	98
1097	1100	20
1098	1093	726
1098	1109	866
1098	1102	365
1099	752	440
1099	1123	945
1099	1097	98
1100	1106	975
1100	1097	20
1100	1101	959
1101	1091	139
1101	1274	320
1101	1275	60
1101	1100	959
1102	1110	987
1102	1111	871
1102	1098	365
1103	1104	499
1103	1105	435
1103	1107	715
1104	1092	83
1104	1103	499
1104	1279	575
1105	1093	368
1105	1334	697
1105	1103	435
1106	1272	205
1106	1274	626
1106	1100	975
1107	1108	269
1107	1109	732
1107	1103	715
1108	1107	269
1108	1274	706
1108	1278	345
1108	1279	3
1109	1107	732
1109	1111	777
1109	1127	885
1109	1098	866
1110	1115	881
1110	1116	650
1110	1102	987
1111	1109	777
1111	1117	151
1111	1102	871
1111	1119	708
1112	1126	60
1112	1113	544
1112	1114	23
1113	1335	365
1113	1112	544
1113	1272	834
1114	1112	23
1115	1121	35
1115	1110	881
1115	1116	121
1116	1110	650
1116	1115	121
1116	1117	59
1117	1137	424
1117	1111	151
1117	1116	59
1118	1285	465
1118	1119	805
1118	1135	925
1119	1284	608
1119	1111	708
1119	1127	583
1119	1118	805
1120	1121	543
1120	1347	122
1120	1125	885
1121	1120	543
1121	1115	35
1122	1123	207
1122	1129	168
1122	1309	502
1123	1122	207
1123	1272	606
1123	1099	945
1123	926	618
1124	1139	32
1124	1125	31
1124	1131	318
1124	1211	658
1125	1120	885
1125	1124	31
1126	1127	831
1126	1112	60
1126	1128	582
1127	1109	885
1127	1126	831
1127	1278	321
1127	1119	583
1128	1126	582
1128	1135	730
1128	1151	941
1129	1122	168
1129	1141	689
1129	1130	267
1130	1129	267
1131	1124	318
1131	1144	732
1132	1133	864
1132	1134	487
1132	1375	261
1133	1286	436
1133	1288	987
1133	1132	864
1133	1134	432
1134	1289	620
1134	1132	487
1134	781	290
1134	1133	432
1135	1128	730
1135	1118	925
1135	1151	20
1136	1152	944
1136	1137	693
1136	1138	918
1137	1136	693
1137	1284	778
1137	1117	424
1138	1136	918
1139	1155	879
1139	1124	32
1139	1177	53
1140	1141	657
1140	1286	887
1140	1143	942
1141	1140	657
1141	1143	959
1141	1129	689
1141	1308	587
1142	1143	807
1142	1147	659
1142	1148	457
1143	1140	942
1143	1141	959
1143	1142	807
1143	1287	20
1144	1156	570
1144	1304	450
1144	1131	732
1145	824	536
1145	1146	316
1145	1149	637
1146	1377	949
1146	1145	316
1146	1150	426
1146	1375	770
1147	1142	659
1147	1148	165
1147	1151	246
1147	1183	816
1148	1142	457
1148	1147	165
1149	1145	637
1149	1161	949
1149	1150	9
1150	1317	256
1150	1286	776
1150	1146	426
1150	1149	9
1150	1375	262
1151	1168	390
1151	1188	741
1151	1128	941
1151	1147	246
1151	1135	20
1152	1136	944
1152	1282	120
1152	1157	699
1153	1344	789
1153	1154	647
1154	1153	647
1155	1139	879
1155	1156	484
1155	1243	263
1156	1155	484
1156	1351	524
1156	1144	570
1157	1152	699
1157	1158	148
1157	1159	761
1158	1347	517
1158	1157	148
1159	1157	761
1159	1205	110
1159	1211	523
1160	1161	219
1160	1163	538
1160	1165	644
1161	1160	219
1161	1149	949
1161	1358	845
1162	1163	557
1162	1164	415
1162	1167	826
1163	1160	538
1163	1162	557
1163	1359	381
1164	1184	327
1164	1169	778
1164	1162	415
1164	1165	395
1165	1160	644
1165	1164	395
1166	1169	680
1166	1170	531
1166	1167	754
1167	1360	692
1167	1162	826
1167	1166	754
1168	1188	310
1168	1190	962
1168	1196	189
1168	1151	390
1169	1171	778
1169	1164	778
1169	1166	680
1170	1171	309
1170	1178	775
1170	1166	531
1171	1169	778
1171	1170	309
1171	1181	910
1172	1021	840
1173	1361	38
1173	1174	498
1173	1178	108
1174	1173	498
1174	1366	328
1174	1180	499
1175	1202	961
1175	1176	69
1175	1177	660
1176	1175	69
1177	1139	53
1177	1349	125
1177	1350	126
1177	1175	660
1178	1170	775
1178	1173	108
1178	1365	268
1178	1181	667
1179	1366	221
1179	1180	123
1180	1174	499
1180	1318	158
1180	1179	123
1181	1171	910
1181	1178	667
1181	1356	830
1181	1326	693
1182	1209	277
1182	1310	866
1182	1183	544
1183	1188	323
1183	1287	893
1183	1147	816
1183	1182	544
1184	1376	843
1184	1352	46
1184	1164	327
1185	1186	396
1185	1365	743
1185	1191	636
1186	1185	396
1186	1361	468
1187	1188	10
1187	1210	21
1187	1195	305
1187	1213	633
1188	1168	310
1188	1187	10
1188	1151	741
1188	1183	323
1189	1297	112
1189	1204	858
1189	1190	540
1189	1196	944
1190	1168	962
1190	1283	878
1190	1189	540
1190	1285	882
1191	1185	636
1191	1207	314
1191	1192	987
1192	1191	987
1192	1356	343
1193	1314	735
1193	1319	1
1193	1194	289
1194	1208	273
1194	1193	289
1194	1310	879
1195	1187	305
1195	1210	242
1195	1196	994
1196	1168	189
1196	1189	944
1196	1195	994
1197	1206	187
1197	1370	530
1197	1198	481
1197	1199	101
1198	1300	43
1198	1301	44
1198	1302	29
1198	1197	481
1199	1207	296
1199	1369	585
1199	1197	101
1200	1201	628
1200	1202	693
1200	1229	345
1201	1200	628
1202	1200	693
1202	1175	961
1202	1243	538
1202	1291	833
1203	211	672
1203	360	21
1203	207	348
1204	1296	524
1204	1189	858
1204	1205	485
1205	1283	847
1205	1204	485
1205	1159	110
1205	1290	859
1206	1207	979
1206	1387	231
1206	1212	953
1206	1197	187
1207	1206	979
1207	1191	314
1207	1199	296
1208	1312	367
1208	1314	850
1208	1209	538
1208	1194	273
1209	1312	642
1209	1208	538
1209	1182	277
1209	1310	139
1210	1187	21
1210	1226	645
1210	1195	242
1210	1213	342
1211	1124	658
1211	1238	351
1211	1159	523
1212	1221	627
1212	1206	953
1212	1370	712
1212	1357	47
1213	1218	959
1213	1187	633
1213	1210	342
1214	1217	163
1214	1300	282
1214	1301	684
1214	1215	977
1215	1217	359
1215	1314	803
1215	1214	977
1216	1217	84
1216	1218	741
1216	1219	16
1217	1216	84
1217	1299	358
1217	1214	163
1217	1215	359
1218	1216	741
1218	1219	618
1218	1228	710
1218	1213	959
1219	1216	16
1219	1312	680
1219	1218	618
1220	1221	723
1220	1222	743
1220	1223	170
1220	1225	845
1221	1220	723
1221	1224	625
1221	1212	627
1222	1220	743
1222	1300	852
1222	1370	740
1223	1220	170
1223	1316	663
1223	1224	62
1223	1225	694
1224	1221	625
1224	1223	62
1224	1357	826
1225	1220	845
1225	1223	694
1225	1230	973
1226	1233	116
1226	1235	940
1226	1210	645
1226	1228	825
1227	1232	374
1227	1299	570
1227	1228	301
1228	1233	196
1228	1218	710
1228	1226	825
1228	1227	301
1229	1200	345
1229	1247	60
1230	1234	766
1230	1225	973
1230	1231	980
1231	1299	729
1231	1300	145
1231	1240	561
1231	1230	980
1232	1233	135
1232	1298	245
1232	1236	228
1232	1227	374
1233	1232	135
1233	1236	959
1233	1226	116
1233	1228	196
1234	1239	455
1234	1230	766
1235	1236	681
1235	1241	64
1235	1226	940
1236	1232	228
1236	1233	959
1236	1313	971
1236	1235	681
1237	1251	935
1237	1238	43
1238	1237	43
1238	1290	239
1238	1211	351
1238	1291	515
1239	1234	455
1239	1240	394
1239	1262	956
1240	1298	954
1240	1239	394
1240	1262	730
1240	1231	561
1241	1249	340
1241	1235	64
1241	1261	637
1242	1243	136
1243	1202	538
1243	1155	263
1243	1242	136
1243	1292	911
1244	1245	316
1245	1244	316
1246	1021	17
1247	1229	60
1248	1249	928
1248	1250	321
1249	1248	928
1249	1313	345
1249	1241	340
1249	1261	960
1250	1248	321
1250	1262	682
1251	1252	956
1251	1237	935
1252	1251	956
1253	1021	608
1254	1255	779
1254	1256	632
1255	1254	779
1256	1254	632
1257	1258	188
1258	1257	188
1259	1280	58
1259	1260	871
1260	1259	871
1261	1249	960
1261	1241	637
1262	1250	682
1262	1239	956
1262	1240	730
1263	1264	597
1263	1061	397
1263	1270	511
1264	1057	969
1264	1059	904
1264	1263	597
1265	1267	412
1265	1062	794
1265	1303	954
1266	1267	453
1266	1077	233
1266	1269	581
1267	1265	412
1267	1266	453
1267	1269	878
1267	1071	439
1268	1062	92
1268	1063	130
1268	1067	905
1269	1266	581
1269	1267	878
1269	1076	141
1269	1067	852
1270	1067	112
1270	1068	561
1270	1263	511
1272	1106	205
1272	1123	606
1272	1113	834
1272	1273	677
1273	1272	677
1273	1274	685
1273	1278	655
1274	1106	626
1274	1108	706
1274	1273	685
1274	1101	320
1275	1092	981
1275	1276	647
1275	1101	60
1275	1279	606
1276	1091	49
1276	1077	221
1276	1083	38
1276	1275	647
1277	1091	258
1277	1087	434
1278	1108	345
1278	1127	321
1278	1273	655
1279	1104	575
1279	1108	3
1279	1333	992
1279	1275	606
1280	1281	249
1280	1259	58
1281	1280	249
1282	1152	120
1282	1283	748
1282	1284	649
1283	1282	748
1283	1205	847
1283	1190	878
1284	1137	778
1284	1282	649
1284	1342	272
1284	1119	608
1285	1190	882
1285	1341	9
1285	1118	465
1286	1140	887
1286	1287	468
1286	1288	264
1286	1133	436
1286	1150	776
1287	1286	468
1287	1143	20
1287	1183	893
1287	1311	11
1288	1286	264
1288	940	528
1288	1308	41
1288	1133	987
1289	1134	620
1290	1205	859
1290	1238	239
1290	1295	821
1291	1202	833
1291	1238	515
1292	1304	773
1292	1305	94
1292	1243	911
1293	1294	126
1294	1293	126
1295	1296	670
1295	1297	729
1295	1290	821
1296	1346	986
1296	1204	524
1296	1295	670
1297	1189	112
1297	1295	729
1298	1232	245
1298	1313	879
1298	1299	620
1298	1240	954
1299	1217	358
1299	1298	620
1299	1227	570
1299	1231	729
1300	1222	852
1300	1198	43
1300	1214	282
1300	1231	145
1301	1366	222
1301	1198	44
1301	1214	684
1302	1198	29
1303	1265	954
1303	1071	904
1304	1144	450
1304	1292	773
1305	1306	575
1305	1292	94
1306	1305	575
1306	1307	370
1307	1306	370
1308	1141	587
1308	1288	41
1308	1309	332
1308	1022	437
1309	1122	502
1309	1308	332
1310	1209	139
1310	1194	879
1310	1182	866
1310	1311	200
1311	1287	11
1311	1319	952
1311	1310	200
1312	1219	680
1312	1208	367
1312	1209	642
1313	1249	345
1313	1298	879
1313	1236	971
1314	1208	850
1314	1193	735
1314	1215	803
1315	1316	929
1315	1337	485
1315	1338	387
1316	1315	929
1316	1223	663
1317	1318	811
1317	1319	876
1317	1150	256
1318	1317	811
1318	1180	158
1319	1317	876
1319	1193	1
1319	1311	952
1320	1321	220
1320	1324	119
1321	1320	220
1322	1323	205
1322	1343	672
1323	1322	205
1323	1339	523
1324	1328	495
1324	1320	119
1324	1325	852
1325	1324	852
1326	871	18
1326	824	768
1326	1387	577
1326	1181	693
1327	1424	672
1327	914	56
1327	392	365
1327	1390	541
1328	1329	308
1328	1324	495
1329	1328	308
1330	1331	236
1330	1332	582
1331	1330	236
1332	1330	582
1333	1279	992
1334	1105	697
1335	1113	365
1336	1337	728
1336	1338	853
1336	1387	732
1337	1315	485
1337	1336	728
1338	1315	387
1338	1336	853
1339	1323	523
1339	1340	589
1339	1343	44
1340	1339	589
1341	1285	9
1342	1284	272
1343	1322	672
1343	1339	44
1344	1153	789
1344	1345	94
1344	1353	566
1345	1344	94
1346	1296	986
1347	1120	122
1347	1348	986
1347	1158	517
1348	1347	986
1349	1177	125
1350	1177	126
1351	1156	524
1352	1184	46
1353	1344	566
1354	1058	974
1354	1063	674
1355	232	522
1356	1365	8
1356	1192	343
1356	1181	830
1357	1224	826
1357	1212	47
1358	1161	845
1359	1163	381
1360	1167	692
1361	1186	468
1361	1173	38
1361	1366	915
1362	1363	704
1363	1362	704
1364	1552	420
1364	1547	484
1364	381	18
1365	1185	743
1365	1178	268
1365	1356	8
1366	1361	915
1366	1301	222
1366	1174	328
1366	1179	221
1367	1368	602
1368	1905	296
1368	1367	602
1369	1199	585
1370	1222	740
1370	1212	712
1370	1197	530
1371	259	394
1371	265	887
1371	1372	50
1372	1371	50
1373	1374	849
1374	1718	665
1374	1373	849
1375	1377	948
1375	1146	770
1375	1132	261
1375	1150	262
1376	1184	843
1377	824	20
1377	1146	949
1377	1375	948
1378	1379	267
1379	1378	267
1379	1381	121
1379	1382	141
1380	232	954
1381	1379	121
1382	1379	141
1383	1384	413
1383	1385	615
1383	1388	945
1384	1383	413
1384	1389	914
1385	1383	615
1386	1394	442
1386	595	858
1386	408	602
1387	1206	231
1387	1336	732
1387	1326	577
1388	1383	945
1388	1389	485
1389	1384	914
1389	1388	485
1390	1403	892
1390	1327	541
1390	1391	925
1390	1407	65
1391	1392	121
1391	1410	406
1391	1390	925
1391	1407	941
1392	1399	17
1392	1403	406
1392	1391	121
1393	1394	887
1393	1395	966
1393	1397	105
1394	1393	887
1394	1386	442
1395	1393	966
1396	1397	960
1396	1686	781
1396	425	906
1397	1393	105
1397	1396	960
1398	404	561
1399	1392	17
1399	1746	232
1399	648	494
1400	1591	330
1400	1401	74
1400	269	420
1401	306	555
1401	1400	74
1402	1403	294
1403	1392	406
1403	678	573
1403	1402	294
1403	1390	892
1404	1408	173
1404	1405	225
1404	1406	117
1405	1404	225
1406	1412	311
1406	1404	117
1406	1407	731
1407	1412	432
1407	1390	65
1407	1406	731
1407	1391	941
1408	1424	113
1408	1411	361
1408	1412	836
1408	1404	173
1409	1410	773
1409	1413	360
1409	1414	46
1410	1409	773
1410	1416	927
1410	268	302
1410	1391	406
1411	1408	361
1412	1408	836
1412	1585	170
1412	1417	103
1412	1406	311
1412	1407	432
1413	1409	360
1413	1414	147
1413	1687	950
1414	1409	46
1414	1413	147
1415	1416	601
1415	1417	466
1415	1437	749
1415	1423	334
1416	1410	927
1416	1415	601
1416	1687	885
1416	1417	105
1417	1412	103
1417	1415	466
1417	1416	105
1417	1423	118
1418	1425	70
1418	1419	547
1418	1435	258
1418	1438	736
1418	1423	197
1419	1424	134
1419	1418	547
1419	1423	206
1420	1590	843
1420	1421	621
1420	1422	392
1421	1667	440
1421	1589	82
1421	1420	621
1422	1590	470
1422	1591	407
1422	1592	208
1422	1420	392
1423	1415	334
1423	1417	118
1423	1418	197
1423	1419	206
1424	1408	113
1424	1419	134
1424	1327	672
1425	1427	361
1425	1418	70
1425	1438	877
1426	1427	390
1426	1428	488
1426	1429	831
1427	1425	361
1427	1426	390
1427	1463	395
1427	1438	62
1428	1426	488
1429	1426	831
1429	1430	851
1429	1431	972
1430	1429	851
1430	1433	34
1431	1429	972
1431	1438	725
1432	913	840
1432	1817	114
1432	1836	131
1433	1586	248
1433	1430	34
1433	1434	950
1434	1831	196
1434	1832	504
1434	1433	950
1435	1463	82
1435	1096	933
1435	1418	258
1435	1437	488
1436	1689	34
1436	1452	460
1436	1437	65
1437	1415	749
1437	1591	453
1437	1435	488
1437	1436	65
1438	1425	877
1438	1427	62
1438	1431	725
1438	1418	736
1439	1440	38
1439	1441	343
1439	1446	399
1440	1441	20
1440	1439	38
1441	1440	20
1441	1444	58
1441	1448	335
1441	1439	343
1442	1443	411
1442	1449	912
1442	1451	490
1443	1442	411
1443	1445	751
1444	1441	58
1444	1445	279
1444	1450	720
1445	1443	751
1445	1444	279
1445	1451	763
1446	1447	186
1446	1448	521
1446	1439	399
1447	1446	186
1447	1693	651
1447	1694	109
1448	1441	335
1448	1446	521
1448	1450	259
1448	1453	824
1449	1442	912
1450	1444	720
1450	1448	259
1450	1451	671
1451	1442	490
1451	1445	763
1451	1450	671
1452	1456	233
1452	1096	722
1452	1436	460
1453	1458	289
1453	1448	824
1453	1454	365
1454	1586	102
1454	1684	197
1454	1463	184
1454	1453	365
1455	1456	887
1455	1699	676
1456	1699	634
1456	1452	233
1456	1455	887
1457	1458	922
1457	1459	460
1457	1460	712
1458	1457	922
1458	1453	289
1458	1598	150
1458	1599	534
1459	1457	460
1459	1461	20
1459	1462	548
1460	1457	712
1460	1470	629
1460	1598	163
1461	1459	20
1461	1462	500
1461	1467	645
1462	1459	548
1462	1461	500
1462	1470	996
1463	1427	395
1463	1095	767
1463	1435	82
1463	1454	184
1464	1475	854
1464	1465	612
1464	1466	763
1465	1600	873
1465	1601	975
1465	1464	612
1465	1593	109
1466	1601	472
1466	1668	485
1466	1464	763
1467	1461	645
1467	399	280
1467	1471	784
1468	1469	655
1468	398	134
1469	1697	812
1469	394	120
1469	1468	655
1470	1473	113
1470	1460	629
1470	1462	996
1471	1472	499
1471	1477	293
1471	1467	784
1472	399	311
1472	1471	499
1473	1474	333
1473	1477	376
1473	1470	113
1474	1473	333
1474	1882	376
1474	1883	832
1474	1899	859
1475	1476	625
1475	1464	854
1475	1497	718
1476	1475	625
1476	1603	407
1477	1696	303
1477	1473	376
1477	1481	781
1477	1471	293
1478	1479	452
1478	1480	876
1478	1498	546
1479	1478	452
1479	1607	6
1479	1610	885
1479	1612	693
1480	1478	876
1480	1610	911
1481	1477	781
1481	1482	719
1481	1484	527
1482	1481	719
1482	1657	376
1482	1483	43
1483	1700	576
1483	1482	43
1484	1492	398
1484	1481	527
1484	1613	723
1485	1495	61
1485	1486	235
1485	1487	102
1486	1605	488
1486	1485	235
1486	1615	703
1487	1485	102
1488	393	719
1488	394	404
1489	1490	878
1489	1493	11
1489	1494	295
1490	1489	878
1490	1605	809
1490	1613	730
1490	1614	345
1491	1698	226
1491	1492	891
1491	1493	52
1491	1660	561
1492	1491	891
1492	1659	612
1492	1484	398
1492	1614	724
1493	1489	11
1493	1491	52
1493	1624	373
1493	1614	457
1494	1489	295
1494	1508	294
1494	1495	873
1495	1701	68
1495	1494	873
1495	1485	61
1496	1497	602
1496	1498	800
1496	1502	814
1497	1475	718
1497	1668	720
1497	1496	602
1497	1498	243
1498	1478	546
1498	1496	800
1498	1497	243
1498	1612	625
1499	1712	832
1499	1538	86
1499	1500	618
1499	1710	97
1500	1510	222
1500	1673	936
1500	1499	618
1501	1619	697
1501	1502	97
1501	1503	366
1502	1617	431
1502	1618	728
1502	1496	814
1502	1501	97
1503	1504	254
1503	1621	184
1503	1501	366
1504	1622	226
1504	1671	610
1504	1503	254
1505	1506	91
1505	1510	81
1505	1679	960
1506	1505	91
1506	1655	29
1506	1658	997
1506	1612	959
1507	1554	371
1507	1508	507
1507	1661	855
1508	1728	103
1508	1507	507
1508	1494	294
1509	1510	798
1510	1505	81
1510	1509	798
1510	1500	222
1510	1679	1000
1511	1512	581
1511	1516	705
1511	1629	490
1512	1511	581
1512	1630	433
1512	1678	847
1513	1514	628
1514	632	631
1514	633	335
1514	1513	628
1515	1527	720
1515	1627	625
1515	1516	785
1516	1511	705
1516	1515	785
1516	1583	529
1516	1679	412
1517	1518	383
1517	1519	509
1518	1517	383
1519	1626	837
1519	1532	666
1519	1517	509
1520	90	157
1521	1522	137
1521	1546	893
1521	1551	182
1522	1521	137
1522	1533	280
1523	1524	408
1524	1523	408
1525	1538	161
1525	1526	799
1525	1528	160
1526	1525	799
1527	1632	554
1527	1515	720
1527	1531	481
1528	1525	160
1528	1542	115
1529	1704	270
1529	1530	684
1529	1531	955
1530	1529	684
1530	1705	181
1530	1531	611
1531	1633	412
1531	1527	481
1531	1529	955
1531	1530	611
1532	1533	90
1532	1519	666
1533	1522	280
1533	1532	90
1533	1660	881
1534	1541	558
1534	380	771
1534	1535	69
1535	1641	88
1535	1643	885
1535	1534	69
1535	1550	785
1536	1537	355
1536	1730	79
1536	1540	90
1537	1536	355
1537	1704	906
1537	1708	951
1538	1525	161
1538	1544	693
1538	1499	86
1539	1540	952
1539	1541	917
1539	380	13
1540	1536	90
1540	1539	952
1541	1539	917
1541	1534	558
1542	1543	488
1542	1528	115
1542	1544	244
1543	1542	488
1544	1538	693
1544	1542	244
1544	1547	408
1545	1552	498
1545	1546	406
1545	1547	135
1546	1552	328
1546	1521	893
1546	1545	406
1547	1364	484
1547	1544	408
1547	1545	135
1547	1550	242
1548	1549	666
1549	1548	666
1550	1547	242
1550	380	314
1550	381	563
1550	1535	785
1551	1521	182
1551	1553	12
1552	1364	420
1552	1559	302
1552	1545	498
1552	1546	328
1553	1554	914
1553	1556	964
1553	1564	620
1553	1551	12
1554	1553	914
1554	1507	371
1554	1624	340
1554	1661	935
1555	1556	116
1555	1562	269
1556	1553	964
1556	1555	116
1556	1574	527
1557	632	829
1558	1568	352
1558	1559	502
1558	1563	326
1559	1552	302
1559	1636	988
1559	1558	502
1560	1571	723
1560	1561	56
1560	1562	154
1561	1560	56
1562	1555	269
1562	1574	554
1562	1638	498
1562	1560	154
1563	1651	69
1563	1558	326
1563	1564	496
1564	1553	620
1564	1635	385
1564	1636	663
1564	1563	496
1565	1569	227
1565	1566	372
1565	1567	426
1566	1729	660
1566	1731	662
1566	1732	180
1566	1565	372
1567	1730	963
1567	1735	847
1567	1565	426
1568	1558	352
1569	1732	489
1569	1733	850
1569	1576	771
1569	1565	227
1570	1075	241
1571	1572	43
1571	1560	723
1572	1571	43
1572	1573	246
1572	1579	566
1573	1572	246
1573	1574	272
1573	1575	41
1574	1556	527
1574	1573	272
1574	1637	895
1574	1562	554
1575	1573	41
1575	1637	795
1575	1717	916
1576	1569	771
1577	1973	310
1577	1578	551
1578	1577	551
1579	1572	566
1579	1719	101
1579	1581	484
1580	473	114
1581	1579	484
1581	1582	502
1582	1723	912
1582	1724	486
1582	1581	502
1583	1584	366
1583	1627	786
1583	1516	529
1583	1629	435
1584	1682	835
1584	1628	944
1584	1583	366
1585	1412	170
1586	1587	483
1586	1684	678
1586	1433	248
1586	1454	102
1587	1586	483
1588	1589	340
1588	1590	79
1588	1593	951
1589	1601	838
1589	1588	340
1589	1421	82
1590	1588	79
1590	1594	677
1590	1420	843
1590	1422	470
1591	1400	330
1591	1592	369
1591	1437	453
1591	1422	407
1592	1667	178
1592	1591	369
1592	409	921
1592	1422	208
1593	1588	951
1593	1465	109
1593	1594	480
1593	1595	97
1594	1590	677
1594	1736	292
1594	1593	480
1595	1600	89
1595	1604	623
1595	1593	97
1596	1883	516
1596	1597	534
1596	1598	118
1597	1596	534
1597	1598	843
1597	1695	173
1598	1458	150
1598	1460	163
1598	1596	118
1598	1597	843
1599	1458	534
1600	1603	852
1600	1465	873
1600	1595	89
1601	1589	838
1601	1465	975
1601	1466	472
1602	1603	240
1602	1604	837
1602	1610	388
1603	1600	852
1603	1602	240
1603	1476	407
1604	1602	837
1604	1736	555
1604	1595	623
1605	1490	809
1605	1606	255
1605	1486	488
1606	1605	255
1606	1897	904
1607	1479	6
1607	1608	502
1607	1609	283
1607	1612	802
1608	1607	502
1608	1655	171
1608	1609	130
1609	1607	283
1609	1608	130
1610	1602	388
1610	1479	885
1610	1480	911
1611	1616	106
1611	1612	261
1612	1506	959
1612	1479	693
1612	1607	802
1612	1498	625
1612	1611	261
1613	1490	730
1613	1484	723
1614	1490	345
1614	1492	724
1614	1493	457
1615	1486	703
1616	1617	968
1616	1611	106
1617	1616	968
1617	1619	429
1617	1502	431
1618	1502	728
1619	1617	429
1619	1620	57
1619	1672	452
1619	1501	697
1620	1619	57
1620	1621	661
1620	1676	226
1621	1620	661
1621	1622	179
1621	1675	774
1621	1503	184
1622	1504	226
1622	1621	179
1622	1675	426
1623	1624	483
1624	1554	340
1624	1493	373
1624	1623	483
1624	1660	795
1625	1626	229
1626	1625	229
1626	1710	909
1626	1519	837
1626	1711	765
1627	1515	625
1627	1628	220
1627	1583	786
1628	1584	944
1628	1634	606
1628	1627	220
1629	1680	419
1629	1511	490
1629	1630	81
1629	1583	435
1630	1680	369
1630	1512	433
1630	1629	81
1631	1632	929
1631	1633	370
1631	1634	724
1632	1634	748
1632	1527	554
1632	1631	929
1633	1531	412
1633	1631	370
1633	1647	175
1634	1632	748
1634	1628	606
1634	1631	724
1635	1650	932
1635	1637	491
1635	1564	385
1636	1559	988
1636	1564	663
1637	1635	491
1637	1574	895
1637	1575	795
1638	1562	498
1639	1640	128
1640	1639	128
1641	1535	88
1642	400	860
1642	90	800
1643	1708	188
1643	1535	885
1644	1645	475
1645	1681	1000
1645	1683	808
1645	1644	475
1646	1647	639
1647	1633	175
1647	1682	213
1647	1646	639
1648	1649	613
1649	1648	613
1650	1635	932
1650	1651	724
1650	1652	875
1650	1717	634
1651	1650	724
1651	1716	895
1651	1563	69
1652	1650	875
1653	1654	849
1654	1653	849
1655	1506	29
1655	1608	171
1656	1713	516
1656	1657	684
1656	1658	395
1656	1659	249
1657	1656	684
1657	1482	376
1658	1506	997
1658	1656	395
1658	1673	676
1659	1714	412
1659	1492	612
1659	1656	249
1659	1660	987
1660	1491	561
1660	1624	795
1660	1659	987
1660	1533	881
1661	1554	935
1661	1507	855
1661	1725	872
1661	1662	775
1662	1664	753
1662	1661	775
1662	1663	964
1663	1725	675
1663	1662	964
1663	1726	6
1664	1662	753
1665	1666	389
1665	1746	583
1666	1665	389
1666	1746	952
1666	270	18
1667	1592	178
1667	409	939
1667	1421	440
1668	1669	654
1668	1497	720
1668	1466	485
1669	1668	654
1669	1670	185
1670	1669	185
1670	1671	760
1671	1504	610
1671	1670	760
1672	1619	452
1672	1676	799
1672	1677	619
1673	1713	520
1673	1658	676
1673	1674	194
1673	1500	936
1674	1673	194
1675	1621	774
1675	1622	426
1675	1676	489
1676	1620	226
1676	1672	799
1676	1675	489
1677	1672	619
1677	1678	719
1678	1512	847
1678	1677	719
1678	1679	947
1679	1505	960
1679	1510	1000
1679	1516	412
1679	1678	947
1680	1681	271
1680	1629	419
1680	1630	369
1681	1680	271
1681	1682	182
1681	1645	1000
1682	1584	835
1682	1681	182
1682	1647	213
1683	1032	808
1683	1645	808
1684	1586	678
1684	1685	543
1684	1454	197
1685	1684	543
1686	1396	781
1687	1413	950
1687	1416	885
1687	1688	3
1688	1687	3
1689	1690	722
1689	1436	34
1690	1689	722
1691	1692	759
1691	1965	905
1692	1691	759
1693	1447	651
1694	1447	109
1695	1597	173
1696	1477	303
1697	1469	812
1698	1491	226
1699	1456	634
1699	393	299
1699	1455	676
1700	1483	576
1701	1495	68
1702	1733	676
1702	1703	162
1703	1702	162
1704	1537	906
1704	1529	270
1704	1705	796
1705	1704	796
1705	1530	181
1705	1708	232
1706	1985	959
1706	1707	305
1706	1709	646
1707	1706	305
1708	1537	951
1708	1705	232
1708	1643	188
1709	1706	646
1710	1714	549
1710	1626	909
1710	1499	97
1711	1626	765
1712	1713	201
1712	1714	881
1712	1499	832
1713	1712	201
1713	1656	516
1713	1673	520
1714	1712	881
1714	1715	350
1714	1659	412
1714	1710	549
1715	1714	350
1716	1651	895
1717	1650	634
1717	1575	916
1718	1374	665
1719	1720	51
1719	1721	446
1719	1579	101
1720	1719	51
1721	1719	446
1721	1722	5
1722	1721	5
1723	1582	912
1724	1582	486
1725	1661	872
1725	1663	675
1725	1727	629
1726	1663	6
1727	1725	629
1728	1508	103
1729	1730	676
1729	1731	755
1729	1566	660
1730	1536	79
1730	1729	676
1730	1734	41
1730	1567	963
1731	1729	755
1731	1566	662
1732	1569	489
1732	1733	529
1732	1566	180
1733	1569	850
1733	1732	529
1733	1702	676
1734	1730	41
1735	1567	847
1736	1604	555
1736	1594	292
1737	688	493
1737	670	149
1737	1742	473
1738	658	148
1738	1739	606
1739	1829	785
1739	1738	606
1740	1744	379
1740	620	508
1740	1741	21
1741	1740	21
1742	1747	800
1742	1737	473
1743	1761	163
1743	674	240
1743	697	664
1744	1745	601
1744	1740	379
1745	688	964
1745	1744	601
1746	1665	583
1746	1666	952
1746	1399	232
1747	1750	631
1747	1752	962
1747	1742	800
1748	1749	465
1748	697	993
1748	1753	568
1749	1748	465
1749	1031	852
1749	1754	569
1750	1747	631
1750	1775	632
1751	1752	583
1752	1747	962
1752	1751	583
1753	1748	568
1753	1754	137
1753	1759	86
1754	1749	569
1754	1753	137
1755	1756	169
1756	1755	169
1757	1758	601
1758	646	928
1758	1757	601
1759	1762	731
1759	1778	594
1759	1753	86
1760	1776	154
1760	1761	596
1760	1762	794
1761	1760	596
1761	1762	954
1761	1743	163
1762	1760	794
1762	1761	954
1762	1759	731
1763	1764	744
1763	1765	467
1763	1783	284
1764	1763	744
1765	1777	459
1765	1763	467
1766	1767	506
1767	1766	506
1768	1810	147
1768	1784	394
1768	1769	758
1769	1768	758
1769	410	105
1770	1771	554
1770	1772	605
1771	1770	554
1772	1770	605
1772	1773	36
1772	1774	685
1773	1772	36
1774	1772	685
1775	1776	435
1775	1750	632
1775	1786	646
1776	1760	154
1776	1775	435
1777	1778	782
1777	1779	649
1777	1765	459
1778	1777	782
1778	1759	594
1779	1777	649
1779	1783	118
1779	1790	605
1780	1781	812
1780	1782	38
1781	1780	812
1782	1780	38
1783	1763	284
1783	1779	118
1783	1787	581
1784	1810	714
1784	1768	394
1784	1785	165
1784	1788	858
1785	1784	165
1786	1796	981
1786	1775	646
1787	1794	80
1787	1783	581
1787	1789	7
1788	1784	858
1788	1789	639
1788	1805	88
1789	1840	927
1789	1787	7
1789	1788	639
1790	1793	916
1790	1779	605
1790	1800	529
1791	1792	723
1791	1799	14
1792	1791	723
1793	1794	199
1793	1800	345
1793	1790	916
1794	1793	199
1794	1787	80
1795	1796	196
1796	1795	196
1796	1786	981
1797	1798	884
1797	1799	73
1797	1802	283
1798	1797	884
1799	1797	73
1799	1791	14
1800	1793	345
1800	1790	529
1800	1807	361
1801	1811	937
1801	1802	144
1802	1797	283
1802	1801	144
1803	1804	925
1804	1803	925
1805	1809	722
1805	1788	88
1805	1806	147
1806	1810	983
1806	1805	147
1807	1808	176
1807	1815	203
1807	1800	361
1808	1807	176
1809	1820	593
1809	1805	722
1810	912	553
1810	1768	147
1810	1784	714
1810	1806	983
1811	1812	762
1811	1813	754
1811	1801	937
1812	1811	762
1812	1838	599
1813	1811	754
1813	1814	897
1813	1838	845
1814	1813	897
1815	1816	899
1815	1818	423
1815	1807	203
1816	1815	899
1817	912	297
1817	1432	114
1818	1815	423
1818	1821	84
1818	1823	964
1819	1820	58
1820	1809	593
1820	1819	58
1821	1824	876
1821	1818	84
1821	1822	339
1822	1821	339
1823	1859	91
1823	1845	369
1823	1818	964
1824	1825	898
1824	1828	632
1824	1821	876
1825	1824	898
1825	1826	409
1825	1842	944
1826	1825	409
1827	1828	840
1828	1824	632
1828	1827	840
1829	1830	201
1829	680	576
1829	1739	785
1830	1829	201
1831	1434	196
1832	1833	855
1832	1434	504
1833	1832	855
1834	1856	80
1834	1835	96
1834	1836	448
1835	1834	96
1836	1432	131
1836	1834	448
1837	1847	543
1837	1838	734
1838	1812	599
1838	1813	845
1838	1837	734
1839	1840	172
1839	1841	879
1839	1854	991
1840	1789	927
1840	1839	172
1841	1842	851
1841	1848	39
1841	1839	879
1842	1825	944
1842	1841	851
1843	1844	356
1843	1864	524
1843	1851	340
1844	1843	356
1845	1848	297
1845	1868	44
1845	1823	369
1846	1862	355
1846	1847	840
1847	1846	840
1847	1837	543
1848	1841	39
1848	1845	297
1848	1854	642
1849	1850	156
1849	1851	869
1850	1849	156
1851	1843	340
1851	1849	869
1852	1853	700
1852	1855	338
1853	1852	700
1854	1873	787
1854	1848	642
1854	1839	991
1855	1856	346
1855	1872	961
1855	1852	338
1856	1834	80
1856	1855	346
1857	1858	947
1857	1859	875
1857	1863	927
1858	1857	947
1859	1857	875
1859	1823	91
1860	1861	522
1860	1862	331
1860	1866	606
1861	1860	522
1862	1860	331
1862	1846	355
1863	1857	927
1863	1865	901
1863	1870	75
1864	1843	524
1864	1892	50
1864	1881	383
1865	1863	901
1865	1867	526
1865	1901	837
1866	1860	606
1866	1867	618
1866	1869	813
1867	1865	526
1867	1866	618
1867	1901	438
1868	1876	599
1868	1845	44
1868	1870	742
1869	1866	813
1869	1900	44
1870	1878	390
1870	1863	75
1870	1868	742
1871	1872	117
1871	1874	568
1872	1855	961
1872	1871	117
1873	1874	168
1873	1915	465
1873	1854	787
1874	1873	168
1874	1871	568
1875	1889	388
1875	1876	174
1875	1877	352
1876	1875	174
1876	1878	176
1876	1868	599
1877	1875	352
1877	1909	969
1877	1878	51
1878	1876	176
1878	1877	51
1878	1870	390
1879	1891	812
1879	1880	814
1879	1881	45
1879	1884	45
1880	1888	739
1880	1879	814
1880	1881	226
1880	1885	647
1881	1892	309
1881	1879	45
1881	1864	383
1881	1880	226
1882	1474	376
1883	1474	832
1883	1596	516
1884	1893	813
1884	1879	45
1884	1885	747
1885	1888	19
1885	1894	135
1885	1880	647
1885	1884	747
1886	1888	1
1886	1894	376
1886	1887	895
1887	1886	895
1888	1880	739
1888	1885	19
1888	1886	1
1889	1890	143
1889	1875	388
1889	1916	897
1890	1889	143
1891	1892	379
1891	1879	812
1891	1895	126
1892	1891	379
1892	1864	50
1892	1881	309
1893	1937	193
1893	1894	32
1893	1884	813
1894	1893	32
1894	1885	135
1894	1886	376
1895	1891	126
1895	1896	442
1896	1895	442
1897	1606	904
1897	1898	870
1897	1899	576
1898	1897	870
1899	1474	859
1899	1897	576
1900	1910	166
1900	1869	44
1900	1901	170
1901	1865	837
1901	1867	438
1901	1900	170
1902	1913	374
1902	1903	471
1903	1902	471
1904	1905	805
1905	1904	805
1905	1368	296
1906	1907	196
1906	1908	148
1906	1912	402
1907	1906	196
1908	1906	148
1909	1877	969
1909	1911	887
1910	1923	426
1910	1911	224
1910	1900	166
1911	1909	887
1911	1910	224
1912	1906	402
1912	1932	452
1913	1914	791
1913	1902	374
1914	1913	791
1915	1873	465
1915	1990	962
1915	1916	76
1916	1889	897
1916	1915	76
1916	1918	276
1917	1990	660
1917	1918	69
1918	1916	276
1918	1917	69
1919	1920	650
1919	1921	538
1919	1926	264
1919	1930	160
1920	1919	650
1921	1919	538
1922	1923	963
1922	1928	264
1922	1980	527
1923	1922	963
1923	1910	426
1924	1939	109
1924	1956	646
1924	1925	741
1925	1924	741
1925	1957	174
1926	1919	264
1927	1928	407
1927	1929	866
1927	1934	4
1928	1922	264
1928	1927	407
1929	1927	866
1930	1942	850
1930	1931	576
1930	1919	160
1931	1930	576
1932	1936	53
1932	1955	674
1932	1912	452
1933	1938	541
1933	1981	8
1933	1934	984
1934	1927	4
1934	1933	984
1935	1936	894
1935	1937	10
1935	1938	858
1936	1932	53
1936	1935	894
1937	1893	193
1937	1935	10
1938	1933	541
1938	1935	858
1939	1971	824
1939	1924	109
1939	1944	352
1940	1941	545
1940	1942	954
1940	1947	900
1941	1940	545
1942	1940	954
1942	1930	850
1943	1975	967
1943	1944	256
1943	1945	688
1944	1939	352
1944	1943	256
1944	1945	124
1945	1943	688
1945	1944	124
1946	1947	611
1946	1949	773
1947	1940	900
1947	1946	611
1948	1952	763
1948	1949	186
1948	1950	361
1949	1946	773
1949	1948	186
1950	1948	361
1951	1952	266
1951	1960	235
1952	1948	763
1952	1951	266
1953	1954	875
1953	1955	175
1953	1959	298
1954	1953	875
1955	1953	175
1955	1958	754
1955	1932	674
1956	1971	119
1956	1924	646
1956	1957	544
1957	1956	544
1957	1925	174
1957	1990	233
1958	1955	754
1958	1987	35
1958	1959	649
1959	1953	298
1959	1958	649
1960	1963	640
1960	1966	536
1960	1951	235
1961	1962	626
1961	1963	515
1961	1967	703
1962	1961	626
1963	1960	640
1963	1961	515
1964	1973	550
1964	1979	729
1964	1965	5
1965	1691	905
1965	1964	5
1966	1969	936
1966	1960	536
1966	1967	85
1967	1968	413
1967	1961	703
1967	1966	85
1968	1967	413
1969	1970	936
1969	1966	936
1970	1969	936
1971	1939	824
1971	1956	119
1971	1993	967
1972	1984	395
1972	1973	831
1972	1974	683
1973	1972	831
1973	1577	310
1973	1964	550
1974	1972	683
1974	1975	31
1974	1992	963
1975	1974	31
1975	1943	967
1976	1977	181
1977	1976	181
1978	1986	762
1978	1979	358
1978	1982	810
1979	1978	358
1979	1964	729
1980	1922	527
1980	1981	998
1981	1980	998
1981	1933	8
1982	1984	259
1982	1978	810
1982	1983	925
1983	1982	925
1984	1972	395
1984	1989	962
1984	1982	259
1985	1986	51
1985	1988	906
1985	1706	959
1986	1985	51
1986	1989	640
1986	1978	762
1987	1958	35
1988	1985	906
1988	1989	56
1988	1991	525
1988	1995	154
1989	1984	962
1989	1986	640
1989	1988	56
1989	1992	211
1990	1957	233
1990	1915	962
1990	1917	660
1991	1988	525
1991	1992	37
1991	1996	415
1992	1989	211
1992	1974	963
1992	1991	37
1993	1971	967
1993	1994	148
1994	1993	148
1995	1988	154
1995	1996	483
1995	1999	340
1996	1991	415
1996	1995	483
1997	1998	45
1998	546	187
1998	1997	45
1999	1995	340
