1494	3966
0	1	575
1	0	575
2	3	277
2	4	692
2	7	815
3	2	277
3	309	474
4	273	773
4	2	692
4	274	423
4	388	611
5	6	185
5	8	630
5	9	81
6	305	655
6	5	185
6	309	6
6	310	273
7	16	435
7	2	815
7	8	263
8	5	630
8	7	263
9	5	81
9	12	974
10	22	783
10	11	808
10	77	16
11	10	808
11	44	43
12	9	974
12	13	889
12	14	295
13	12	889
14	20	254
14	12	295
14	15	967
15	310	25
15	312	611
15	14	967
16	17	446
16	18	932
16	7	435
17	16	446
18	16	932
18	24	249
18	266	744
19	20	465
19	21	268
19	23	118
19	25	1
20	19	465
20	24	880
20	312	337
20	14	254
21	19	268
22	69	707
22	10	783
22	58	482
22	44	733
23	19	118
23	38	80
23	24	861
24	18	249
24	20	880
24	23	861
24	303	490
25	19	1
25	26	917
25	29	521
26	37	379
26	312	910
26	25	917
27	28	198
27	29	975
27	30	322
28	27	198
29	25	521
29	314	102
29	27	975
30	32	99
30	27	322
30	31	605
31	30	605
32	33	810
32	34	450
32	30	99
33	32	810
34	32	450
34	35	402
34	36	445
35	34	402
36	34	445
36	37	705
36	40	304
36	313	731
37	36	705
37	313	2
37	26	379
38	52	347
38	23	80
38	39	677
39	38	677
39	317	781
39	303	75
40	67	70
40	36	304
40	45	732
41	57	37
41	42	468
41	43	580
42	279	794
42	41	468
43	41	580
44	51	485
44	22	733
44	11	43
44	45	897
45	275	391
45	279	338
45	40	732
45	44	897
46	56	670
46	59	460
46	47	440
47	55	174
47	60	658
47	46	440
48	49	738
48	277	664
48	54	837
48	63	880
49	48	738
49	55	740
50	51	817
50	58	998
50	61	617
51	50	817
51	44	485
52	132	631
52	53	44
52	38	347
52	71	593
53	52	44
53	277	855
53	278	427
53	279	765
54	48	837
54	55	224
54	60	566
54	62	607
55	49	740
55	54	224
55	47	174
56	65	227
56	57	307
56	46	670
57	64	42
57	56	307
57	41	37
57	75	916
58	50	998
58	22	482
58	70	684
59	65	407
59	68	768
59	60	431
59	46	460
60	54	566
60	59	431
60	47	658
61	81	557
61	50	617
61	70	147
62	68	463
62	54	607
62	63	386
63	48	880
63	62	386
64	80	36
64	66	112
64	57	42
65	56	227
65	59	407
65	75	335
65	78	100
66	64	112
66	86	581
66	73	199
67	40	70
68	59	768
68	62	463
68	78	324
69	83	811
69	22	707
69	70	466
69	76	930
70	69	466
70	58	684
70	61	147
70	93	40
71	52	593
71	72	175
71	319	8
72	71	175
72	317	361
72	318	449
73	66	199
73	74	681
73	79	426
74	73	681
75	80	344
75	65	335
75	82	815
75	57	916
76	69	930
76	198	252
76	88	324
76	77	61
77	197	323
77	10	16
77	76	61
78	65	100
78	82	871
78	68	324
79	81	636
79	73	426
79	89	962
80	64	36
80	86	848
80	87	144
80	75	344
81	61	557
81	93	508
81	79	636
81	95	438
82	87	778
82	106	342
82	75	815
82	78	871
83	69	811
83	88	989
83	92	857
84	352	432
84	85	597
85	84	597
85	853	589
85	895	844
86	80	848
86	66	581
86	89	607
86	94	633
87	80	144
87	82	778
87	99	751
87	94	27
88	96	980
88	83	989
88	387	595
88	76	324
89	97	7
89	86	607
89	79	962
89	95	824
90	400	651
90	297	313
90	91	143
91	295	222
91	297	873
91	345	578
91	90	143
92	96	4
92	98	921
92	83	857
92	93	127
93	81	508
93	70	40
93	92	127
94	97	853
94	86	633
94	87	27
94	108	659
95	81	438
95	101	649
95	102	32
95	89	824
96	103	136
96	88	980
96	104	525
96	92	4
97	102	963
97	89	7
97	107	245
97	94	853
98	101	599
98	104	722
98	92	921
99	100	306
99	87	751
99	105	402
100	99	306
100	108	997
100	109	334
101	112	696
101	98	599
101	95	649
102	97	963
102	113	396
102	95	32
102	111	791
103	96	136
103	115	515
103	124	941
104	96	525
104	98	722
104	115	726
104	120	376
105	99	402
105	106	338
106	82	342
106	105	338
107	97	245
107	113	893
107	346	447
107	108	817
108	100	997
108	107	817
108	94	659
108	110	96
109	100	334
109	118	910
109	110	302
110	346	996
110	108	96
110	109	302
111	112	323
111	102	791
111	119	320
111	122	919
112	101	696
112	111	323
113	114	152
113	102	396
113	121	130
113	107	893
114	113	152
115	128	414
115	103	515
115	104	726
115	120	603
115	123	362
116	117	595
116	133	194
116	118	102
117	116	595
118	116	102
118	109	910
119	120	658
119	125	856
119	111	320
120	115	603
120	119	658
120	104	376
121	113	130
121	122	885
121	126	946
122	121	885
122	125	79
122	111	919
122	127	222
123	115	362
123	136	995
123	124	372
124	103	941
124	123	372
124	347	199
125	128	116
125	129	520
125	119	856
125	122	79
126	130	600
126	121	946
126	127	310
127	129	883
127	134	782
127	122	222
127	126	310
128	115	414
128	138	256
128	125	116
129	137	761
129	125	520
129	127	883
130	131	562
130	134	215
130	126	600
131	130	562
132	52	631
132	151	2
132	152	663
133	116	194
134	130	215
134	137	510
134	142	379
134	127	782
135	136	37
135	284	512
136	135	37
136	123	995
136	347	367
137	129	761
137	145	406
137	134	510
137	138	999
138	128	256
138	144	103
138	137	999
139	140	231
140	139	231
141	325	54
141	142	909
141	143	498
142	145	65
142	134	379
142	141	909
143	144	571
143	145	256
143	141	498
144	177	669
144	138	103
144	143	571
145	137	406
145	142	65
145	143	256
146	147	306
146	148	594
146	149	999
147	146	306
147	148	917
147	150	342
147	412	394
148	146	594
148	147	917
148	324	262
148	278	96
149	161	55
149	146	999
149	150	873
150	147	342
150	149	873
150	406	767
150	411	163
151	132	2
151	153	889
151	156	846
152	132	663
152	153	577
152	154	642
153	151	889
153	152	577
153	154	974
154	152	642
154	153	974
155	166	322
155	156	583
155	157	73
156	278	670
156	151	846
156	155	583
157	162	688
157	170	242
157	155	73
158	160	685
158	280	544
158	159	908
159	280	505
159	282	81
159	158	908
160	158	685
161	149	55
161	328	181
161	175	152
162	157	688
163	164	503
163	180	916
163	165	418
164	163	503
164	180	509
164	327	556
165	163	418
165	166	214
165	171	574
166	165	214
166	155	322
166	332	797
167	168	269
167	169	181
167	172	992
168	167	269
168	281	820
168	286	25
169	167	181
170	171	117
170	157	242
171	165	574
171	170	117
172	176	727
172	292	801
172	167	992
173	176	955
173	174	306
173	175	566
174	173	306
175	161	152
175	178	156
175	173	566
176	178	578
176	172	727
176	173	955
177	144	669
178	176	578
178	181	560
178	175	156
179	180	608
179	184	187
179	185	623
180	163	916
180	179	608
180	164	509
181	178	560
181	182	451
181	183	564
182	181	451
183	291	792
183	181	564
183	185	225
184	179	187
185	179	623
185	183	225
185	186	103
186	185	103
186	187	540
186	188	747
187	336	586
187	186	540
187	333	833
188	289	551
188	194	715
188	186	747
189	193	408
189	190	879
189	191	207
190	189	879
191	189	207
192	193	651
192	196	878
193	192	651
193	189	408
194	195	858
194	361	8
194	188	715
195	194	858
195	338	913
195	196	769
196	192	878
196	195	769
197	387	668
197	198	502
197	77	323
198	197	502
198	76	252
199	200	12
199	205	253
199	206	998
200	373	82
200	199	12
200	376	585
200	361	362
201	213	717
201	202	562
201	203	902
201	204	629
202	208	978
202	201	562
202	383	809
203	201	902
203	383	903
204	210	360
204	212	989
204	201	629
204	205	589
205	199	253
205	204	589
206	210	573
206	199	998
206	207	122
207	1203	73
207	376	500
207	206	122
208	209	195
208	213	529
208	214	785
208	202	978
209	208	195
209	288	307
209	290	892
209	287	100
210	211	606
210	215	284
210	204	360
210	206	573
211	210	606
211	1203	690
211	220	19
211	223	938
212	213	147
212	215	234
212	204	989
212	221	899
213	208	529
213	212	147
213	201	717
213	222	940
214	208	785
214	299	31
214	222	194
215	210	284
215	226	239
215	212	234
215	223	3
216	225	517
216	227	351
216	217	124
217	224	546
217	216	124
217	219	112
218	224	333
218	230	868
218	219	152
218	220	742
219	360	959
219	217	112
219	218	152
220	211	19
220	231	691
220	360	961
220	218	742
221	226	735
221	243	236
221	212	899
221	222	280
222	213	940
222	214	194
222	221	280
223	211	938
223	229	707
223	215	3
223	231	532
224	227	51
224	217	546
224	218	333
224	234	11
225	228	688
225	216	517
225	233	818
226	229	793
226	215	239
226	221	735
226	350	913
227	224	51
227	216	351
227	233	503
227	236	76
228	225	688
228	232	188
228	235	997
229	226	793
229	238	383
229	223	707
230	231	634
230	218	868
230	234	861
230	237	379
231	230	634
231	220	691
231	238	521
231	223	532
232	228	188
232	1380	95
232	1355	285
233	240	782
233	225	818
233	227	503
233	235	864
234	224	11
234	230	861
234	236	686
234	239	52
235	228	997
235	244	338
235	233	864
236	240	488
236	227	76
236	234	686
237	230	379
237	343	472
237	238	617
237	239	326
238	229	383
238	231	521
238	237	617
239	245	780
239	264	545
239	234	52
239	237	326
240	244	978
240	245	429
240	233	782
240	236	488
241	242	379
241	243	296
241	296	82
242	241	379
242	356	301
242	350	997
243	241	296
243	299	621
243	221	236
243	350	81
244	240	978
244	357	793
244	246	18
244	235	338
245	240	429
245	246	416
245	239	780
246	244	18
246	245	416
246	359	954
247	259	946
247	405	24
247	248	90
247	249	437
248	357	970
248	358	215
248	247	90
249	247	437
249	250	852
249	251	633
250	405	765
250	263	31
250	249	852
251	258	448
251	263	149
251	249	633
252	256	199
252	253	130
252	254	675
253	294	152
253	252	130
254	252	675
255	256	260
255	257	300
255	260	415
256	293	212
256	341	429
256	252	199
256	255	260
257	297	811
257	255	300
258	259	182
258	265	443
258	251	448
259	258	182
259	247	946
259	1371	88
260	340	147
260	261	160
260	255	415
261	260	160
261	344	991
262	263	543
263	262	543
263	250	31
263	251	149
264	265	95
264	397	479
264	239	545
265	258	443
265	264	95
265	1371	608
266	18	744
266	303	311
267	321	653
267	306	81
267	268	668
267	269	611
268	321	304
268	1410	816
268	267	668
268	269	710
269	321	655
269	1400	763
269	267	611
269	268	710
270	272	593
270	404	311
270	271	187
271	595	448
271	270	187
272	595	266
272	270	593
273	4	773
274	4	423
274	309	836
275	276	918
275	284	564
275	45	391
276	275	918
276	313	663
277	48	664
277	53	855
277	326	431
278	148	96
278	53	427
278	156	670
279	53	765
279	42	794
279	45	338
280	281	942
280	158	544
280	159	505
281	168	820
281	280	942
282	283	854
282	159	81
283	282	854
283	285	608
284	275	564
284	406	422
284	135	512
285	406	963
285	283	608
286	292	820
286	168	25
287	209	100
287	290	58
287	372	146
288	209	307
288	298	175
288	302	425
289	291	496
289	362	118
289	188	551
290	209	892
290	373	937
290	375	70
290	287	58
291	289	496
291	292	530
291	183	792
292	291	530
292	172	801
292	286	820
293	256	212
293	294	362
293	297	969
294	293	362
294	253	152
295	296	972
295	298	274
295	91	222
295	382	675
296	384	633
296	241	82
296	295	972
297	257	811
297	293	969
297	90	313
297	91	873
298	288	175
298	803	857
298	295	274
298	299	408
299	243	621
299	214	31
299	298	408
300	368	563
300	370	49
300	301	302
300	302	32
301	401	620
301	1075	157
301	300	302
302	288	425
302	401	914
302	371	323
302	300	32
303	304	119
303	39	75
303	24	490
303	266	311
304	303	119
305	6	655
306	1401	611
306	267	81
307	308	9
308	307	9
309	274	836
309	3	474
309	6	6
310	6	273
310	311	742
310	15	25
311	310	742
312	20	337
312	26	910
312	15	611
313	36	731
313	276	663
313	37	2
314	315	719
314	316	306
314	29	102
315	314	719
316	314	306
317	39	781
317	72	361
318	72	449
319	320	361
319	71	8
320	319	361
321	267	653
321	268	304
321	269	655
322	323	40
322	324	218
322	412	665
323	322	40
324	322	218
324	148	262
324	325	158
325	324	158
325	141	54
326	277	431
327	164	556
327	328	587
327	329	485
328	161	181
328	327	587
329	327	485
329	330	319
330	329	319
330	331	234
331	330	234
332	166	797
333	187	833
333	334	616
333	335	821
334	333	616
335	333	821
336	187	586
337	338	671
337	339	304
337	377	817
338	337	671
338	195	913
339	337	304
340	260	147
340	341	226
340	348	914
341	256	429
341	416	916
341	340	226
341	342	352
342	341	352
343	237	472
344	261	991
344	345	251
345	403	513
345	344	251
345	91	578
345	382	537
346	107	447
346	110	996
347	136	367
347	124	199
348	416	737
348	340	914
348	349	400
349	348	400
350	226	913
350	242	997
350	243	81
350	351	766
351	350	766
352	84	432
353	354	280
353	355	278
354	353	280
354	508	309
354	509	88
355	353	278
356	242	301
357	244	793
357	359	493
357	248	970
358	359	669
358	248	215
359	357	493
359	246	954
359	358	669
360	1203	273
360	219	959
360	220	961
361	194	8
361	200	362
361	377	836
361	362	622
362	289	118
362	361	622
362	367	127
363	364	36
363	991	43
364	1009	526
364	1001	997
364	363	36
365	366	132
366	365	132
367	374	221
367	362	127
368	369	676
368	370	23
368	300	563
369	368	676
369	419	506
369	486	459
370	368	23
370	371	478
370	300	49
371	370	478
371	372	627
371	302	323
372	371	627
372	287	146
373	290	937
373	374	561
373	375	423
373	200	82
374	373	561
374	375	314
374	367	221
375	290	70
375	373	423
375	374	314
376	391	371
376	200	585
376	377	276
376	207	500
377	337	817
377	391	495
377	376	276
377	361	836
378	379	741
379	378	741
380	381	472
381	1364	538
381	380	472
382	802	200
382	295	675
382	345	537
383	202	809
383	203	903
384	296	633
385	386	708
385	390	647
385	392	374
386	385	708
386	630	303
386	631	554
386	410	802
387	197	668
387	88	595
388	4	611
388	389	343
389	388	343
390	385	647
390	392	416
390	410	55
391	405	83
391	376	371
391	377	495
392	385	374
392	390	416
392	1327	947
393	1488	729
393	1095	723
393	394	565
394	1488	549
394	393	565
394	1469	543
394	398	153
395	396	459
396	395	459
397	400	965
397	420	587
397	264	479
398	394	153
398	1468	202
398	399	16
399	1472	583
399	1467	727
399	398	16
400	90	651
400	397	965
401	402	419
401	825	472
401	301	620
401	302	914
402	401	419
402	803	585
402	825	563
403	345	513
403	825	243
403	841	260
403	1020	625
404	1398	582
404	407	142
404	425	412
404	270	311
405	247	24
405	391	83
405	250	765
406	150	767
406	284	422
406	285	963
407	404	142
407	408	78
407	425	997
408	407	78
408	409	33
408	1386	552
409	408	33
410	386	802
410	390	55
411	150	163
412	322	665
412	147	394
413	418	835
413	489	113
413	414	60
414	489	113
414	490	428
414	491	115
414	413	60
415	416	25
415	421	460
415	422	182
416	341	916
416	488	438
416	348	737
416	415	25
417	418	557
417	419	407
417	505	3
418	417	557
418	413	835
419	369	506
419	417	407
419	486	471
419	487	402
420	421	220
420	524	348
420	397	587
421	420	220
421	504	217
421	415	460
422	426	62
422	415	182
423	424	544
423	428	900
423	430	647
424	423	544
424	488	364
424	430	905
424	494	496
425	404	412
425	1396	941
425	407	997
426	422	62
426	427	461
427	432	309
427	426	461
427	428	873
428	496	486
428	423	900
428	488	175
428	427	873
429	434	238
429	430	884
429	431	499
430	434	579
430	423	647
430	424	905
430	429	884
431	443	808
431	429	499
432	515	944
432	456	410
432	427	309
433	434	171
433	443	149
433	492	575
434	433	171
434	443	684
434	429	238
434	430	579
435	436	70
435	437	138
435	438	105
436	529	589
436	435	70
436	527	161
437	435	138
438	435	105
438	536	434
438	600	773
439	452	537
439	440	256
439	508	429
440	515	706
440	439	256
440	601	3
441	442	917
441	445	100
442	441	917
443	433	149
443	434	684
443	492	504
443	431	808
444	445	705
444	446	754
445	441	100
445	444	705
446	444	754
447	448	960
448	447	960
449	450	446
449	485	694
450	449	446
451	452	697
452	451	697
452	516	256
452	439	537
453	454	678
454	498	211
454	453	678
455	456	939
455	457	340
455	462	60
456	432	410
456	496	721
456	455	939
457	455	340
457	521	988
457	458	635
458	520	764
458	457	635
458	459	298
458	461	574
459	458	298
459	460	968
459	461	111
460	521	626
460	459	968
460	461	906
461	458	574
461	459	111
461	460	906
462	455	60
462	522	107
462	587	591
462	588	266
463	464	165
463	467	242
463	580	488
464	538	424
464	539	959
464	463	165
465	466	774
466	465	774
467	463	242
468	469	27
468	470	449
469	579	858
469	468	27
469	580	252
470	468	449
471	472	520
471	475	422
472	471	520
472	573	99
473	474	492
474	473	492
475	484	544
475	471	422
475	575	752
476	497	947
476	477	912
477	530	801
477	500	393
477	476	912
478	775	264
478	807	926
478	776	915
478	479	407
479	478	407
480	481	307
481	480	307
481	554	766
481	556	136
482	483	882
483	482	882
483	548	850
483	550	479
484	475	544
485	449	694
486	369	459
486	419	471
486	487	553
487	419	402
487	596	847
487	486	553
488	416	438
488	424	364
488	428	175
489	602	327
489	604	946
489	413	113
489	414	113
490	491	213
490	603	702
490	414	428
491	596	792
491	490	213
491	414	115
492	433	575
492	443	504
492	493	697
492	527	242
493	492	697
494	424	496
494	505	881
494	507	140
495	496	978
496	456	721
496	428	486
496	495	978
497	476	947
498	499	896
498	454	211
499	577	878
499	498	896
500	477	393
501	502	226
501	503	986
502	501	226
502	540	272
502	542	552
503	501	986
503	540	236
504	421	217
505	417	3
505	506	450
505	494	881
506	505	450
507	494	140
508	354	309
508	439	429
508	510	260
509	513	592
509	354	88
509	514	879
510	508	260
511	512	766
511	515	218
512	511	766
513	509	592
514	509	879
515	432	944
515	440	706
515	511	218
516	452	256
517	518	364
517	519	770
518	517	364
519	517	770
520	458	764
521	457	988
521	522	718
521	460	626
522	521	718
522	523	745
522	462	107
523	522	745
524	420	348
524	525	914
524	526	676
525	524	914
526	524	676
527	528	372
527	436	161
527	492	242
528	527	372
529	436	589
530	531	882
530	477	801
531	530	882
532	533	771
532	537	119
533	532	771
534	594	168
534	535	67
534	536	341
535	594	217
535	534	67
535	605	332
536	594	138
536	438	434
536	534	341
537	532	119
538	464	424
539	464	959
540	502	272
540	503	236
540	541	91
541	540	91
542	502	552
542	543	523
543	544	715
543	547	758
543	542	523
544	549	443
544	543	715
545	546	85
546	545	85
547	548	852
547	543	758
548	483	850
548	547	852
548	549	695
549	544	443
549	548	695
550	483	479
550	551	268
550	552	860
551	550	268
552	550	860
552	553	552
553	552	552
553	554	463
554	481	766
554	553	463
554	555	147
555	554	147
555	556	175
556	481	136
556	555	175
556	557	615
557	556	615
557	558	28
558	557	28
558	559	119
559	597	884
559	598	328
559	558	119
560	561	375
561	560	375
561	564	437
562	563	480
562	564	229
562	565	980
563	562	480
564	561	437
564	562	229
565	562	980
565	566	3
566	565	3
566	567	482
567	566	482
567	568	275
568	567	275
568	571	442
569	570	515
569	571	27
569	572	939
570	569	515
571	568	442
571	569	27
572	569	939
572	575	783
573	576	43
573	472	99
573	574	778
574	573	778
575	475	752
575	572	783
576	573	43
577	578	962
577	499	878
577	579	216
578	577	962
579	577	216
579	469	858
580	469	252
580	581	705
580	463	488
581	580	705
581	582	907
581	583	437
582	581	907
583	581	437
583	584	519
583	585	344
584	583	519
585	583	344
585	586	138
585	587	683
586	585	138
587	585	683
587	588	476
587	462	591
588	587	476
588	589	635
588	462	266
589	588	635
589	590	588
589	591	871
590	589	588
591	592	257
591	593	834
591	589	871
592	591	257
593	591	834
593	607	397
594	534	168
594	535	217
594	536	138
595	272	266
595	1386	683
595	271	448
596	487	847
596	491	792
597	559	884
598	559	328
599	600	8
599	607	476
600	438	773
600	599	8
601	440	3
602	489	327
602	603	956
602	604	405
603	490	702
603	602	956
604	489	946
604	602	405
604	605	378
605	535	332
605	604	378
605	606	665
606	605	665
607	593	397
607	599	476
608	609	885
608	610	693
608	612	169
608	682	284
609	608	885
609	684	766
609	702	927
610	608	693
610	698	842
610	683	315
610	702	47
611	612	519
611	613	104
611	614	725
612	608	169
612	611	519
612	619	458
612	684	738
613	611	104
613	684	403
613	703	815
614	611	725
614	618	745
614	622	624
615	616	765
615	617	715
615	623	519
616	615	765
616	808	351
616	811	13
617	615	715
618	659	754
618	614	745
618	619	543
619	612	458
619	618	543
619	682	957
619	683	95
620	628	762
620	621	835
620	622	709
621	660	942
621	620	835
621	622	970
622	659	550
622	614	624
622	620	709
622	621	970
623	624	480
623	625	3
623	615	519
624	1012	56
624	623	480
624	831	726
625	626	453
625	623	3
626	625	453
626	634	343
626	685	96
627	628	631
627	629	126
627	637	30
627	638	568
628	627	631
628	695	609
628	620	762
629	627	126
629	668	71
629	637	286
629	669	363
630	386	303
630	631	66
630	686	164
631	386	554
631	707	810
631	630	66
632	633	718
633	632	718
634	626	343
634	645	464
634	635	19
635	659	497
635	646	321
635	634	19
635	683	949
636	672	176
636	637	724
636	639	386
637	627	30
637	629	286
637	636	724
637	639	576
638	627	568
638	653	188
638	639	330
639	636	386
639	637	576
639	653	395
639	638	330
640	641	918
640	673	143
640	642	360
641	640	918
641	672	297
641	673	200
641	654	282
641	655	693
642	640	360
642	649	427
642	651	20
643	657	345
643	644	672
643	650	72
644	643	672
644	664	139
644	665	979
644	666	966
645	646	621
645	634	464
646	645	621
646	681	781
646	635	321
647	1056	48
647	678	961
647	648	485
647	687	387
648	647	485
648	1399	963
649	642	427
649	650	139
649	651	548
650	656	788
650	643	72
650	649	139
651	642	20
651	649	548
651	655	220
652	653	51
652	654	693
652	670	300
653	667	175
653	652	51
653	638	188
653	639	395
654	641	282
654	674	690
654	652	693
654	655	119
654	671	371
655	641	693
655	676	716
655	651	220
655	654	119
656	657	303
656	658	491
656	676	979
656	650	788
657	656	303
657	643	345
657	677	880
658	656	491
658	691	944
659	618	754
659	635	497
659	683	695
659	622	550
660	704	176
660	661	689
660	621	942
661	704	329
661	705	878
661	660	689
662	685	810
664	673	403
664	644	139
664	694	932
665	644	979
666	673	732
666	644	966
667	688	714
667	653	175
667	670	176
668	629	71
669	629	363
670	667	176
670	652	300
670	671	550
671	674	451
671	654	371
671	670	550
672	641	297
672	636	176
673	640	143
673	641	200
673	664	403
673	666	732
674	675	347
674	654	690
674	671	451
675	674	347
675	690	620
675	676	993
676	656	979
676	675	993
676	691	632
676	655	716
677	657	880
677	680	192
678	647	961
678	1403	85
679	680	966
680	677	192
680	679	966
681	646	781
682	608	284
682	696	434
682	619	957
683	610	315
683	659	695
683	619	95
683	635	949
684	609	766
684	612	738
684	613	403
685	626	96
685	662	810
685	879	985
686	692	573
686	630	164
686	687	619
687	647	387
687	686	619
688	689	699
688	667	714
689	688	699
690	675	620
690	691	201
690	1031	74
690	697	775
691	658	944
691	690	201
691	676	632
691	1031	358
692	686	573
694	664	932
695	628	609
696	682	434
697	690	775
698	610	842
698	808	110
698	699	776
698	700	310
699	808	375
699	698	776
699	796	64
700	698	310
700	701	16
700	797	714
701	700	16
701	702	699
702	609	927
702	610	47
702	701	699
703	704	673
703	613	815
704	660	176
704	661	329
704	703	673
705	706	94
705	661	878
706	705	94
707	631	810
708	709	441
708	777	152
709	708	441
709	789	929
709	780	44
710	711	252
710	919	983
710	921	374
711	710	252
711	863	258
712	713	377
712	714	826
712	715	908
713	1040	394
713	712	377
713	922	17
714	1060	166
714	712	826
714	921	896
714	922	397
715	1060	365
715	1061	4
715	712	908
715	1065	829
716	720	512
716	717	86
716	1037	310
717	1040	888
717	716	86
717	1038	158
718	723	938
718	719	27
719	721	436
719	718	27
720	724	152
720	986	5
720	716	512
720	732	847
721	722	633
721	723	279
721	719	436
722	721	633
722	1064	846
722	1069	706
723	721	279
723	724	74
723	718	938
724	720	152
724	723	74
724	727	447
725	931	696
725	726	966
725	1046	596
725	729	698
726	1042	766
726	1044	554
726	725	966
727	724	447
727	728	199
727	730	151
728	1088	588
728	1089	901
728	727	199
728	975	282
729	740	564
729	725	698
729	735	283
730	737	393
730	727	151
730	975	276
731	736	557
731	732	646
731	733	165
732	720	847
732	731	646
732	988	115
733	736	727
733	930	915
733	731	165
733	734	532
734	988	862
734	733	532
734	1055	782
735	739	144
735	755	9
735	729	283
736	737	265
736	738	576
736	930	178
736	731	557
736	733	727
737	736	265
737	1026	896
737	730	393
738	736	576
738	929	971
738	744	418
739	747	322
739	748	643
739	735	144
740	741	613
740	729	564
740	746	298
741	740	613
741	1045	932
741	1047	781
742	753	12
742	755	754
742	743	313
743	929	6
743	930	308
743	931	934
743	742	313
744	738	418
744	745	535
744	927	146
745	1026	881
745	744	535
745	973	49
745	974	955
746	740	298
746	756	111
746	747	598
746	941	803
747	739	322
747	746	598
747	749	546
748	739	643
748	749	592
748	766	12
749	747	546
749	748	592
749	943	580
750	752	380
750	925	267
750	751	872
751	1025	159
751	973	971
751	750	872
751	975	451
752	1094	469
752	1099	430
752	750	380
753	754	496
753	742	12
753	774	699
754	753	496
754	929	123
755	742	754
755	761	176
755	735	9
756	757	335
756	746	111
756	767	632
757	756	335
757	1045	376
757	1048	250
758	773	758
758	759	349
758	760	248
758	782	599
759	1024	51
759	758	349
759	940	147
759	1023	273
760	758	248
760	774	457
760	972	835
760	927	914
761	755	176
761	787	897
761	765	670
762	769	860
762	763	472
762	764	191
763	762	472
763	1051	595
763	764	72
764	762	191
764	1050	378
764	763	72
765	761	670
765	810	807
765	766	173
766	748	12
766	765	173
766	989	347
767	768	140
767	979	532
767	756	632
768	1051	840
768	1052	867
768	767	140
769	770	597
769	984	802
769	762	860
770	769	597
770	772	688
770	805	770
771	772	256
772	770	688
772	771	256
773	758	758
773	774	64
773	793	847
774	753	699
774	773	64
774	760	457
774	938	337
775	776	703
775	1049	919
775	478	264
776	775	703
776	1053	423
776	478	915
777	708	152
777	789	724
777	790	813
778	804	589
778	779	448
778	780	913
778	958	383
779	778	448
779	1019	331
779	780	189
780	709	44
780	778	913
780	779	189
781	782	385
781	1134	988
781	783	115
782	758	599
782	793	885
782	940	735
782	781	385
783	781	115
784	785	294
784	801	26
784	786	398
785	784	294
786	784	398
787	791	339
787	761	897
787	938	823
788	789	587
788	790	584
788	796	978
789	788	587
789	709	929
789	777	724
790	788	584
790	777	813
790	797	169
791	787	339
791	937	425
791	795	158
792	793	250
792	794	951
792	814	497
792	815	673
793	773	847
793	792	250
793	794	489
793	782	885
794	792	951
794	793	489
794	938	394
794	939	375
795	801	833
795	791	158
795	936	872
796	788	978
796	699	64
796	797	273
797	790	169
797	700	714
797	796	273
798	800	944
798	807	714
798	799	364
799	960	81
799	798	364
799	958	226
799	1054	641
800	1053	159
800	798	944
800	1054	757
801	784	26
801	810	952
801	795	833
802	992	396
802	920	337
802	382	200
803	402	585
803	841	936
803	298	857
804	778	589
804	828	912
804	844	166
805	770	770
805	806	475
805	829	758
806	979	117
806	805	475
806	981	127
807	809	127
807	478	926
807	798	714
808	616	351
808	698	110
808	699	375
808	828	450
809	818	243
809	807	127
809	953	851
810	801	952
810	820	156
810	812	524
810	765	807
811	1013	905
811	616	13
811	831	780
812	823	99
812	810	524
812	813	198
813	812	198
813	941	840
813	942	856
813	943	940
814	837	800
814	792	497
814	824	151
815	837	41
815	792	673
815	875	886
816	817	287
816	818	417
816	840	835
816	830	1
817	816	287
817	976	685
817	1003	595
818	816	417
818	809	243
819	832	104
819	820	847
819	845	225
820	833	331
820	819	847
820	951	525
820	810	156
821	835	602
821	822	155
821	823	509
822	821	155
823	821	509
823	951	655
823	812	99
823	942	476
824	1377	765
824	1145	611
824	814	151
824	1326	207
825	401	472
825	402	563
825	403	243
825	1020	621
826	842	918
826	827	733
826	828	408
826	847	169
827	1013	494
827	826	733
828	804	912
828	869	901
828	808	450
828	826	408
829	805	758
829	838	413
829	830	451
830	816	1
830	829	451
831	624	726
831	842	496
831	811	780
832	833	692
832	834	629
832	819	104
833	832	692
833	834	947
833	820	331
833	936	206
834	832	629
834	833	947
834	937	998
834	939	457
835	836	23
835	821	602
835	838	714
836	835	23
837	866	202
837	814	800
837	815	41
838	835	714
838	858	391
838	829	413
839	852	34
839	840	346
839	959	947
840	816	835
840	839	346
840	952	653
840	953	972
841	1073	985
841	403	260
841	803	936
842	826	918
842	831	496
842	879	142
843	1010	524
843	869	415
843	844	66
843	846	864
844	1011	312
844	804	166
844	843	66
845	864	180
845	819	225
845	855	71
846	851	294
846	969	494
846	843	864
847	848	747
847	826	169
847	859	660
848	847	747
849	961	941
849	850	858
849	851	212
849	1005	214
850	849	858
850	962	933
850	851	664
850	959	259
851	849	212
851	850	664
851	970	433
851	846	294
852	839	34
852	856	323
852	862	677
853	85	589
854	855	399
854	903	812
855	854	399
855	950	974
855	951	684
855	845	71
856	883	514
856	852	323
856	877	283
857	882	788
857	872	527
857	858	563
858	838	391
858	951	32
858	952	741
858	857	563
859	868	956
859	878	166
859	847	660
860	963	520
860	876	439
860	861	630
860	862	652
861	961	41
861	964	684
861	971	424
861	860	630
862	962	93
862	852	677
862	860	652
862	877	724
863	711	258
863	1039	836
864	867	767
864	950	771
864	845	180
865	866	746
865	870	602
865	886	140
866	865	746
866	945	522
866	837	202
867	864	767
867	874	667
867	893	259
868	869	997
868	966	383
868	859	956
869	868	997
869	1016	219
869	843	415
869	828	901
870	865	602
870	884	187
870	871	336
871	870	336
871	1326	48
872	857	527
872	873	587
873	872	587
874	867	667
874	894	57
875	888	832
875	891	666
875	815	886
876	880	203
876	860	439
876	877	962
877	883	985
877	856	283
877	876	962
877	862	724
878	859	166
879	842	142
879	685	985
880	881	651
880	876	203
881	880	651
881	882	346
881	883	257
882	881	346
882	952	979
882	857	788
883	881	257
883	856	514
883	952	290
883	877	985
884	870	187
885	897	373
885	946	933
885	886	52
886	944	105
886	865	140
886	945	267
886	885	52
887	888	883
887	889	978
887	894	117
888	948	251
888	887	883
888	875	832
888	891	501
889	887	978
890	891	928
890	892	405
891	888	501
891	890	928
891	875	666
891	892	668
892	946	685
892	947	357
892	890	405
892	891	668
893	867	259
893	901	574
894	994	937
894	887	117
894	874	57
895	896	476
895	85	844
896	895	476
897	885	373
898	899	761
899	898	761
900	901	91
901	900	91
901	1014	400
901	893	574
902	903	198
903	854	812
903	902	198
903	905	131
904	905	708
905	903	131
905	904	708
905	1002	78
906	907	246
907	906	246
908	1017	652
908	955	596
908	909	899
909	954	343
909	955	757
909	908	899
910	1018	168
910	911	715
911	1008	413
911	1005	948
911	910	715
911	1007	992
912	913	564
913	912	564
913	1432	998
914	915	881
914	1327	636
915	914	881
916	917	934
916	1015	477
917	916	934
918	1057	103
918	919	781
919	1060	472
919	710	983
919	918	781
920	802	337
921	710	374
921	714	896
922	713	17
922	714	397
922	1039	244
925	928	485
925	750	267
925	926	432
925	1023	477
926	1123	368
926	925	432
926	1022	818
927	929	587
927	744	146
927	760	914
927	972	733
928	1024	206
928	1025	278
928	925	485
928	1023	333
929	738	971
929	754	123
929	743	6
929	927	587
930	736	178
930	743	308
930	733	915
930	1055	721
931	932	906
931	725	696
931	743	934
931	1055	454
932	931	906
932	1043	893
933	934	10
933	953	706
934	960	424
934	933	10
935	936	824
936	833	206
936	935	824
936	937	686
936	795	872
937	834	998
937	791	425
937	936	686
937	939	500
938	787	823
938	774	337
938	794	394
938	939	917
939	834	457
939	937	500
939	794	375
939	938	917
940	759	147
940	1288	197
940	782	735
940	1022	991
941	746	803
941	813	840
941	990	148
942	823	476
942	813	856
943	749	580
943	813	940
944	886	105
945	866	522
945	886	267
946	947	959
946	885	933
946	949	313
946	892	685
947	946	959
947	892	357
948	888	251
949	946	313
950	864	771
950	1014	979
950	855	974
950	1002	647
951	820	525
951	823	655
951	855	684
951	858	32
952	882	979
952	883	290
952	840	653
952	858	741
953	933	706
953	840	972
953	809	851
954	956	507
954	909	343
954	957	217
955	908	596
955	909	757
956	969	851
956	954	507
956	970	342
956	957	501
957	966	45
957	968	848
957	954	217
957	956	501
958	960	60
958	778	383
958	1019	443
958	799	226
959	960	20
959	850	259
959	962	990
959	839	947
960	934	424
960	958	60
960	799	81
960	959	20
961	849	941
961	964	193
961	971	82
961	861	41
962	850	933
962	971	734
962	862	93
962	959	990
963	964	733
963	965	475
963	860	520
963	1004	38
964	961	193
964	963	733
964	861	684
965	963	475
966	868	383
966	967	215
966	957	45
967	966	215
968	1016	574
968	957	848
969	1016	464
969	970	223
969	956	851
969	846	494
970	1008	152
970	851	433
970	969	223
970	956	342
971	961	82
971	962	734
971	861	424
972	1024	996
972	760	835
972	974	473
972	927	733
973	1025	749
973	1026	570
973	745	49
973	751	971
974	1024	673
974	1025	43
974	745	955
974	972	473
975	1094	579
975	728	282
975	730	276
975	751	451
976	817	685
976	977	191
976	978	731
977	976	191
977	984	862
978	976	731
979	980	578
979	806	117
979	767	532
980	979	578
981	806	127
982	983	702
983	982	702
984	769	802
984	977	862
985	1043	29
985	986	401
985	987	769
986	720	5
986	985	401
986	988	147
986	1037	803
987	985	769
988	986	147
988	732	115
988	1036	457
988	734	862
989	766	347
990	941	148
991	993	535
991	363	43
992	802	396
993	991	535
994	894	937
995	996	709
996	995	709
997	998	740
998	997	740
999	1000	200
1000	999	200
1001	364	997
1002	950	647
1002	1014	225
1002	905	78
1003	817	595
1004	963	38
1004	1005	227
1004	1007	556
1005	849	214
1005	1004	227
1005	1006	304
1005	911	948
1006	1005	304
1007	1004	556
1007	911	992
1008	1017	147
1008	970	152
1008	1018	868
1008	911	413
1009	1027	381
1009	1028	220
1009	364	526
1009	1021	164
1010	843	524
1011	844	312
1012	624	56
1013	811	905
1013	827	494
1014	901	400
1014	950	979
1014	1002	225
1015	916	477
1016	869	219
1016	968	574
1016	969	464
1017	1008	147
1017	908	652
1018	1008	868
1018	910	168
1019	779	331
1019	958	443
1019	1054	541
1020	403	625
1020	1075	816
1020	825	621
1021	1009	164
1021	1172	680
1021	1253	234
1021	1246	786
1022	940	991
1022	1308	378
1022	926	818
1022	1023	72
1023	928	333
1023	759	273
1023	925	477
1023	1022	72
1024	928	206
1024	759	51
1024	972	996
1024	974	673
1025	928	278
1025	973	749
1025	974	43
1025	751	159
1026	737	896
1026	745	881
1026	973	570
1027	1009	381
1028	1009	220
1029	1030	28
1030	1029	28
1031	690	74
1031	691	358
1032	1033	70
1033	1032	70
1034	1035	121
1035	1034	121
1036	988	457
1037	1041	429
1037	986	803
1037	716	310
1037	1038	416
1038	1041	640
1038	717	158
1038	1037	416
1039	922	244
1039	863	836
1040	713	394
1040	717	888
1041	1042	639
1041	1037	429
1041	1038	640
1042	1041	639
1042	1043	362
1042	726	766
1043	1042	362
1043	932	893
1043	985	29
1044	726	554
1044	1046	1
1045	741	932
1045	757	376
1046	1044	1
1046	725	596
1046	1047	383
1047	741	781
1047	1046	383
1048	757	250
1048	1052	332
1049	775	919
1049	1050	449
1050	1049	449
1050	764	378
1051	768	840
1051	763	595
1052	768	867
1052	1048	332
1053	800	159
1053	776	423
1054	800	757
1054	1019	541
1054	799	641
1055	930	721
1055	931	454
1055	734	782
1056	647	48
1057	1264	88
1057	1061	359
1057	918	103
1058	1059	741
1058	1354	262
1059	1264	425
1059	1058	741
1060	1061	85
1060	919	472
1060	714	166
1060	715	365
1061	1057	359
1061	1060	85
1061	715	4
1061	1263	34
1062	1265	399
1062	1268	819
1062	1063	908
1063	1268	209
1063	1062	908
1063	1354	686
1064	722	846
1064	1079	247
1064	1065	270
1065	1064	270
1065	715	829
1065	1068	390
1066	1076	939
1066	1067	417
1066	1068	28
1067	1268	676
1067	1269	495
1067	1270	808
1067	1066	417
1068	1270	462
1068	1065	390
1068	1066	28
1069	722	706
1070	1072	354
1070	1077	81
1070	1071	107
1071	1267	80
1071	1303	937
1071	1070	107
1072	1074	429
1072	1078	605
1072	1070	354
1073	841	985
1074	1072	429
1074	1078	825
1074	1082	404
1075	1020	816
1075	301	157
1076	1077	448
1076	1269	576
1076	1080	857
1076	1081	218
1076	1066	939
1077	1266	721
1077	1076	448
1077	1276	852
1077	1070	81
1078	1072	605
1078	1074	825
1078	1083	613
1079	1089	214
1079	1064	247
1079	1081	522
1080	1076	857
1080	1081	832
1080	1087	499
1081	1089	160
1081	1076	218
1081	1079	522
1081	1080	832
1082	1074	404
1082	1085	563
1083	1092	943
1083	1078	613
1083	1276	148
1084	1093	910
1084	1085	198
1085	1092	109
1085	1082	563
1085	1084	198
1086	1088	899
1086	1090	328
1086	1087	875
1087	1080	499
1087	1277	172
1087	1086	875
1088	1089	800
1088	1094	833
1088	728	588
1088	1086	899
1089	1088	800
1089	1079	214
1089	728	901
1089	1081	160
1090	1091	196
1090	1097	292
1090	1086	328
1091	1090	196
1091	1276	202
1091	1101	265
1091	1277	78
1092	1104	294
1092	1083	943
1092	1275	742
1092	1085	109
1093	1105	960
1093	1098	165
1093	1084	910
1094	752	469
1094	1088	833
1094	975	579
1095	1463	587
1095	1096	317
1095	393	723
1096	1095	317
1096	1435	386
1096	1452	790
1097	1090	292
1097	1099	790
1097	1100	481
1098	1093	165
1098	1109	401
1098	1102	536
1099	752	430
1099	1123	398
1099	1097	790
1100	1106	525
1100	1097	481
1100	1101	243
1101	1091	265
1101	1274	662
1101	1275	918
1101	1100	243
1102	1110	407
1102	1111	629
1102	1098	536
1103	1104	442
1103	1105	646
1103	1107	601
1104	1092	294
1104	1103	442
1104	1279	943
1105	1093	960
1105	1334	776
1105	1103	646
1106	1272	917
1106	1274	884
1106	1100	525
1107	1108	345
1107	1109	265
1107	1103	601
1108	1107	345
1108	1274	994
1108	1278	57
1108	1279	760
1109	1107	265
1109	1111	302
1109	1127	934
1109	1098	401
1110	1115	613
1110	1116	159
1110	1102	407
1111	1109	302
1111	1117	646
1111	1102	629
1111	1119	706
1112	1126	385
1112	1113	222
1112	1114	363
1113	1335	556
1113	1112	222
1113	1272	298
1114	1112	363
1115	1121	470
1115	1110	613
1115	1116	995
1116	1110	159
1116	1115	995
1116	1117	113
1117	1137	445
1117	1111	646
1117	1116	113
1118	1285	215
1118	1119	285
1118	1135	14
1119	1284	840
1119	1111	706
1119	1127	231
1119	1118	285
1120	1121	849
1120	1347	895
1120	1125	359
1121	1120	849
1121	1115	470
1122	1123	875
1122	1129	693
1122	1309	421
1123	1122	875
1123	1272	591
1123	1099	398
1123	926	368
1124	1139	488
1124	1125	618
1124	1131	680
1124	1211	545
1125	1120	359
1125	1124	618
1126	1127	319
1126	1112	385
1126	1128	117
1127	1109	934
1127	1126	319
1127	1278	648
1127	1119	231
1128	1126	117
1128	1135	395
1128	1151	867
1129	1122	693
1129	1141	553
1129	1130	649
1130	1129	649
1131	1124	680
1131	1144	781
1132	1133	493
1132	1134	83
1132	1375	666
1133	1286	447
1133	1288	414
1133	1132	493
1133	1134	990
1134	1289	149
1134	1132	83
1134	781	988
1134	1133	990
1135	1128	395
1135	1118	14
1135	1151	412
1136	1152	666
1136	1137	848
1136	1138	473
1137	1136	848
1137	1284	197
1137	1117	445
1138	1136	473
1139	1155	452
1139	1124	488
1139	1177	198
1140	1141	516
1140	1286	87
1140	1143	371
1141	1140	516
1141	1143	243
1141	1129	553
1141	1308	938
1142	1143	828
1142	1147	353
1142	1148	386
1143	1140	371
1143	1141	243
1143	1142	828
1143	1287	590
1144	1156	655
1144	1304	811
1144	1131	781
1145	824	611
1145	1146	308
1145	1149	168
1146	1377	40
1146	1145	308
1146	1150	403
1146	1375	698
1147	1142	353
1147	1148	645
1147	1151	98
1147	1183	27
1148	1142	386
1148	1147	645
1149	1145	168
1149	1161	654
1149	1150	243
1150	1317	160
1150	1286	155
1150	1146	403
1150	1149	243
1150	1375	249
1151	1168	706
1151	1188	625
1151	1128	867
1151	1147	98
1151	1135	412
1152	1136	666
1152	1282	356
1152	1157	756
1153	1344	417
1153	1154	824
1154	1153	824
1155	1139	452
1155	1156	944
1155	1243	527
1156	1155	944
1156	1351	468
1156	1144	655
1157	1152	756
1157	1158	320
1157	1159	972
1158	1347	607
1158	1157	320
1159	1157	972
1159	1205	131
1159	1211	736
1160	1161	456
1160	1163	725
1160	1165	305
1161	1160	456
1161	1149	654
1161	1358	953
1162	1163	535
1162	1164	433
1162	1167	438
1163	1160	725
1163	1162	535
1163	1359	261
1164	1184	531
1164	1169	822
1164	1162	433
1164	1165	74
1165	1160	305
1165	1164	74
1166	1169	851
1166	1170	240
1166	1167	403
1167	1360	690
1167	1162	438
1167	1166	403
1168	1188	849
1168	1190	595
1168	1196	475
1168	1151	706
1169	1171	703
1169	1164	822
1169	1166	851
1170	1171	944
1170	1178	804
1170	1166	240
1171	1169	703
1171	1170	944
1171	1181	532
1172	1021	680
1173	1361	577
1173	1174	554
1173	1178	392
1174	1173	554
1174	1366	39
1174	1180	772
1175	1202	377
1175	1176	163
1175	1177	213
1176	1175	163
1177	1139	198
1177	1349	868
1177	1350	141
1177	1175	213
1178	1170	804
1178	1173	392
1178	1365	914
1178	1181	284
1179	1366	571
1179	1180	309
1180	1174	772
1180	1318	936
1180	1179	309
1181	1171	532
1181	1178	284
1181	1356	73
1181	1326	468
1182	1209	547
1182	1310	704
1182	1183	629
1183	1188	348
1183	1287	774
1183	1147	27
1183	1182	629
1184	1376	910
1184	1352	96
1184	1164	531
1185	1186	601
1185	1365	683
1185	1191	929
1186	1185	601
1186	1361	944
1187	1188	727
1187	1210	750
1187	1195	120
1187	1213	192
1188	1168	849
1188	1187	727
1188	1151	625
1188	1183	348
1189	1297	264
1189	1204	851
1189	1190	890
1189	1196	260
1190	1168	595
1190	1283	513
1190	1189	890
1190	1285	795
1191	1185	929
1191	1207	271
1191	1192	678
1192	1191	678
1192	1356	261
1193	1314	264
1193	1319	884
1193	1194	929
1194	1208	365
1194	1193	929
1194	1310	890
1195	1187	120
1195	1210	564
1195	1196	335
1196	1168	475
1196	1189	260
1196	1195	335
1197	1206	432
1197	1370	435
1197	1198	557
1197	1199	68
1198	1300	43
1198	1301	369
1198	1302	200
1198	1197	557
1199	1207	997
1199	1369	925
1199	1197	68
1200	1201	420
1200	1202	190
1200	1229	350
1201	1200	420
1202	1200	190
1202	1175	377
1202	1243	228
1202	1291	54
1203	211	690
1203	360	273
1203	207	73
1204	1296	98
1204	1189	851
1204	1205	869
1205	1283	607
1205	1204	869
1205	1159	131
1205	1290	200
1206	1207	551
1206	1387	446
1206	1212	107
1206	1197	432
1207	1206	551
1207	1191	271
1207	1199	997
1208	1312	989
1208	1314	613
1208	1209	997
1208	1194	365
1209	1312	953
1209	1208	997
1209	1182	547
1209	1310	670
1210	1187	750
1210	1226	234
1210	1195	564
1210	1213	704
1211	1124	545
1211	1238	221
1211	1159	736
1212	1221	392
1212	1206	107
1212	1370	289
1212	1357	599
1213	1218	26
1213	1187	192
1213	1210	704
1214	1217	19
1214	1300	649
1214	1301	866
1214	1215	288
1215	1217	701
1215	1314	934
1215	1214	288
1216	1217	190
1216	1218	385
1216	1219	485
1217	1216	190
1217	1299	67
1217	1214	19
1217	1215	701
1218	1216	385
1218	1219	898
1218	1228	967
1218	1213	26
1219	1216	485
1219	1312	858
1219	1218	898
1220	1221	549
1220	1222	692
1220	1223	19
1220	1225	750
1221	1220	549
1221	1224	378
1221	1212	392
1222	1220	692
1222	1300	240
1222	1370	801
1223	1220	19
1223	1316	188
1223	1224	900
1223	1225	977
1224	1221	378
1224	1223	900
1224	1357	659
1225	1220	750
1225	1223	977
1225	1230	474
1226	1233	481
1226	1235	61
1226	1210	234
1226	1228	801
1227	1232	526
1227	1299	760
1227	1228	522
1228	1233	67
1228	1218	967
1228	1226	801
1228	1227	522
1229	1200	350
1229	1247	724
1230	1234	458
1230	1225	474
1230	1231	310
1231	1299	393
1231	1300	451
1231	1240	120
1231	1230	310
1232	1233	131
1232	1298	139
1232	1236	297
1232	1227	526
1233	1232	131
1233	1236	950
1233	1226	481
1233	1228	67
1234	1239	649
1234	1230	458
1235	1236	711
1235	1241	765
1235	1226	61
1236	1232	297
1236	1233	950
1236	1313	890
1236	1235	711
1237	1251	910
1237	1238	933
1238	1237	933
1238	1290	204
1238	1211	221
1238	1291	383
1239	1234	649
1239	1240	579
1239	1262	441
1240	1298	597
1240	1239	579
1240	1262	883
1240	1231	120
1241	1249	931
1241	1235	765
1241	1261	961
1242	1243	796
1243	1202	228
1243	1155	527
1243	1242	796
1243	1292	967
1244	1245	322
1245	1244	322
1246	1021	786
1247	1229	724
1248	1249	713
1248	1250	753
1249	1248	713
1249	1313	120
1249	1241	931
1249	1261	288
1250	1248	753
1250	1262	348
1251	1252	317
1251	1237	910
1252	1251	317
1253	1021	234
1254	1255	622
1254	1256	277
1255	1254	622
1256	1254	277
1257	1258	738
1258	1257	738
1259	1280	208
1259	1260	726
1260	1259	726
1261	1249	288
1261	1241	961
1262	1250	348
1262	1239	441
1262	1240	883
1263	1264	471
1263	1061	34
1263	1270	698
1264	1057	88
1264	1059	425
1264	1263	471
1265	1267	852
1265	1062	399
1265	1303	242
1266	1267	118
1266	1077	721
1266	1269	178
1267	1265	852
1267	1266	118
1267	1269	842
1267	1071	80
1268	1062	819
1268	1063	209
1268	1067	676
1269	1266	178
1269	1267	842
1269	1076	576
1269	1067	495
1270	1067	808
1270	1068	462
1270	1263	698
1272	1106	917
1272	1123	591
1272	1113	298
1272	1273	976
1273	1272	976
1273	1274	266
1273	1278	776
1274	1106	884
1274	1108	994
1274	1273	266
1274	1101	662
1275	1092	742
1275	1276	959
1275	1101	918
1275	1279	955
1276	1091	202
1276	1077	852
1276	1083	148
1276	1275	959
1277	1091	78
1277	1087	172
1278	1108	57
1278	1127	648
1278	1273	776
1279	1104	943
1279	1108	760
1279	1333	853
1279	1275	955
1280	1281	473
1280	1259	208
1281	1280	473
1282	1152	356
1282	1283	826
1282	1284	252
1283	1282	826
1283	1205	607
1283	1190	513
1284	1137	197
1284	1282	252
1284	1342	613
1284	1119	840
1285	1190	795
1285	1341	340
1285	1118	215
1286	1140	87
1286	1287	463
1286	1288	294
1286	1133	447
1286	1150	155
1287	1286	463
1287	1143	590
1287	1183	774
1287	1311	403
1288	1286	294
1288	940	197
1288	1308	587
1288	1133	414
1289	1134	149
1290	1205	200
1290	1238	204
1290	1295	270
1291	1202	54
1291	1238	383
1292	1304	962
1292	1305	110
1292	1243	967
1293	1294	737
1294	1293	737
1295	1296	175
1295	1297	435
1295	1290	270
1296	1346	518
1296	1204	98
1296	1295	175
1297	1189	264
1297	1295	435
1298	1232	139
1298	1313	902
1298	1299	20
1298	1240	597
1299	1217	67
1299	1298	20
1299	1227	760
1299	1231	393
1300	1222	240
1300	1198	43
1300	1214	649
1300	1231	451
1301	1366	703
1301	1198	369
1301	1214	866
1302	1198	200
1303	1265	242
1303	1071	937
1304	1144	811
1304	1292	962
1305	1306	116
1305	1292	110
1306	1305	116
1306	1307	90
1307	1306	90
1308	1141	938
1308	1288	587
1308	1309	548
1308	1022	378
1309	1122	421
1309	1308	548
1310	1209	670
1310	1194	890
1310	1182	704
1310	1311	912
1311	1287	403
1311	1319	113
1311	1310	912
1312	1219	858
1312	1208	989
1312	1209	953
1313	1249	120
1313	1298	902
1313	1236	890
1314	1208	613
1314	1193	264
1314	1215	934
1315	1316	237
1315	1337	724
1315	1338	196
1316	1315	237
1316	1223	188
1317	1318	630
1317	1319	197
1317	1150	160
1318	1317	630
1318	1180	936
1319	1317	197
1319	1193	884
1319	1311	113
1320	1321	504
1320	1324	478
1321	1320	504
1322	1323	309
1322	1343	206
1323	1322	309
1323	1339	562
1324	1328	788
1324	1320	478
1324	1325	408
1325	1324	408
1326	871	48
1326	824	207
1326	1387	473
1326	1181	468
1327	1424	965
1327	914	636
1327	392	947
1327	1390	1
1328	1329	780
1328	1324	788
1329	1328	780
1330	1331	390
1330	1332	245
1331	1330	390
1332	1330	245
1333	1279	853
1334	1105	776
1335	1113	556
1336	1337	551
1336	1338	981
1336	1387	532
1337	1315	724
1337	1336	551
1338	1315	196
1338	1336	981
1339	1323	562
1339	1340	806
1339	1343	586
1340	1339	806
1341	1285	340
1342	1284	613
1343	1322	206
1343	1339	586
1344	1153	417
1344	1345	194
1344	1353	50
1345	1344	194
1346	1296	518
1347	1120	895
1347	1348	192
1347	1158	607
1348	1347	192
1349	1177	868
1350	1177	141
1351	1156	468
1352	1184	96
1353	1344	50
1354	1058	262
1354	1063	686
1355	232	285
1356	1365	261
1356	1192	261
1356	1181	73
1357	1224	659
1357	1212	599
1358	1161	953
1359	1163	261
1360	1167	690
1361	1186	944
1361	1173	577
1361	1366	538
1362	1363	273
1363	1362	273
1364	381	538
1365	1185	683
1365	1178	914
1365	1356	261
1366	1361	538
1366	1301	703
1366	1174	39
1366	1179	571
1367	1368	266
1368	1367	266
1369	1199	925
1370	1222	801
1370	1212	289
1370	1197	435
1371	259	88
1371	265	608
1371	1372	302
1372	1371	302
1373	1374	835
1374	1373	835
1375	1377	352
1375	1146	698
1375	1132	666
1375	1150	249
1376	1184	910
1377	824	765
1377	1146	40
1377	1375	352
1378	1379	983
1379	1378	983
1379	1381	801
1379	1382	867
1380	232	95
1381	1379	801
1382	1379	867
1383	1384	546
1383	1385	55
1383	1388	196
1384	1383	546
1384	1389	712
1385	1383	55
1386	1394	320
1386	595	683
1386	408	552
1387	1206	446
1387	1336	532
1387	1326	473
1388	1383	196
1388	1389	489
1389	1384	712
1389	1388	489
1390	1403	760
1390	1327	1
1390	1391	770
1390	1407	769
1391	1392	659
1391	1410	496
1391	1390	770
1391	1407	713
1392	1399	5
1392	1403	302
1392	1391	659
1393	1394	273
1393	1395	670
1393	1397	66
1394	1393	273
1394	1386	320
1395	1393	670
1396	1397	608
1396	425	941
1397	1393	66
1397	1396	608
1398	404	582
1399	1392	5
1399	648	963
1400	1401	158
1400	269	763
1401	306	611
1401	1400	158
1402	1403	649
1403	1392	302
1403	678	85
1403	1402	649
1403	1390	760
1404	1408	566
1404	1405	333
1404	1406	391
1405	1404	333
1406	1412	345
1406	1404	391
1406	1407	803
1407	1412	702
1407	1390	769
1407	1406	803
1407	1391	713
1408	1424	181
1408	1411	221
1408	1412	275
1408	1404	566
1409	1410	729
1409	1413	496
1409	1414	968
1410	1409	729
1410	1416	598
1410	268	816
1410	1391	496
1411	1408	221
1412	1408	275
1412	1417	448
1412	1406	345
1412	1407	702
1413	1409	496
1413	1414	339
1414	1409	968
1414	1413	339
1415	1416	248
1415	1417	624
1415	1437	466
1415	1423	575
1416	1410	598
1416	1415	248
1416	1417	908
1417	1412	448
1417	1415	624
1417	1416	908
1417	1423	159
1418	1425	220
1418	1419	236
1418	1435	713
1418	1438	45
1418	1423	256
1419	1424	360
1419	1418	236
1419	1423	982
1420	1421	553
1420	1422	892
1421	1420	553
1422	1420	892
1423	1415	575
1423	1417	159
1423	1418	256
1423	1419	982
1424	1408	181
1424	1419	360
1424	1327	965
1425	1427	864
1425	1418	220
1425	1438	451
1426	1427	938
1426	1428	654
1426	1429	641
1427	1425	864
1427	1426	938
1427	1463	86
1427	1438	750
1428	1426	654
1429	1426	641
1429	1430	940
1429	1431	53
1430	1429	940
1430	1433	535
1431	1429	53
1431	1438	1
1432	913	998
1433	1430	535
1433	1434	480
1434	1433	480
1435	1463	275
1435	1096	386
1435	1418	713
1435	1437	422
1436	1452	535
1436	1437	283
1437	1415	466
1437	1435	422
1437	1436	283
1438	1425	451
1438	1427	750
1438	1431	1
1438	1418	45
1439	1440	481
1439	1441	685
1439	1446	66
1440	1441	943
1440	1439	481
1441	1440	943
1441	1444	679
1441	1448	731
1441	1439	685
1442	1443	139
1442	1449	351
1442	1451	159
1443	1442	139
1443	1445	263
1444	1441	679
1444	1445	930
1444	1450	101
1445	1443	263
1445	1444	930
1445	1451	841
1446	1447	250
1446	1448	197
1446	1439	66
1447	1446	250
1448	1441	731
1448	1446	197
1448	1450	145
1448	1453	548
1449	1442	351
1450	1444	101
1450	1448	145
1450	1451	671
1451	1442	159
1451	1445	841
1451	1450	671
1452	1456	887
1452	1096	790
1452	1436	535
1453	1458	516
1453	1448	548
1453	1454	142
1454	1463	322
1454	1453	142
1455	1456	859
1456	1452	887
1456	1455	859
1457	1458	286
1457	1459	710
1457	1460	220
1458	1457	286
1458	1453	516
1459	1457	710
1459	1461	954
1459	1462	263
1460	1457	220
1460	1470	510
1461	1459	954
1461	1462	847
1461	1467	169
1462	1459	263
1462	1461	847
1462	1470	315
1463	1427	86
1463	1095	587
1463	1435	275
1463	1454	322
1464	1475	166
1464	1465	780
1464	1466	990
1465	1464	780
1466	1464	990
1467	1461	169
1467	399	727
1467	1471	641
1468	1469	705
1468	398	202
1469	394	543
1469	1468	705
1470	1473	29
1470	1460	510
1470	1462	315
1471	1472	58
1471	1477	731
1471	1467	641
1472	399	583
1472	1471	58
1473	1474	365
1473	1477	786
1473	1470	29
1474	1473	365
1475	1476	204
1475	1464	166
1475	1497	241
1476	1475	204
1477	1473	786
1477	1481	762
1477	1471	731
1478	1479	94
1478	1480	541
1478	1498	548
1479	1478	94
1480	1478	541
1481	1477	762
1481	1482	922
1481	1484	414
1482	1481	922
1482	1483	758
1483	1482	758
1484	1492	228
1484	1481	414
1485	1495	878
1485	1486	935
1485	1487	965
1486	1485	935
1487	1485	965
1488	393	729
1488	394	549
1489	1490	346
1489	1493	40
1489	1494	986
1490	1489	346
1491	1492	441
1491	1493	981
1492	1491	441
1492	1484	228
1493	1489	40
1493	1491	981
1494	1489	986
1494	1495	283
1495	1494	283
1495	1485	878
1496	1497	863
1496	1498	424
1497	1475	241
1497	1496	863
1497	1498	92
1498	1478	548
1498	1496	424
1498	1497	92
