1000	3540
Node	Dis	Prev
0	1000000	-1
1	100000	2
2	0	2
3	361	309
4	5	2
5	1011	9
6	326	309
7	157	2
8	1037	5
9	878	12
10	2899	22
11	2942	44
12	828	14
13	100703	14
14	703	20
15	489	310
16	265	7
17	100265	16
18	349	16
19	1607	25
20	591	24
21	1680	19
22	2829	58
23	1744	19
24	483	18
25	1519	29
26	657	312
27	1394	30
28	101394	27
29	1474	27
30	1196	32
31	101054	32
32	1054	34
33	100984	34
34	984	36
35	100896	36
36	896	313
37	687	26
38	1901	52
39	617	303
40	984	36
41	1922	57
42	1331	279
43	1973	41
44	2910	22
45	1047	40
46	2046	59
47	1692	60
48	1390	277
49	1897	55
50	2566	61
51	3075	44
52	1845	132
53	1259	279
54	1487	48
55	1835	47
56	1991	65
57	1914	75
58	2642	50
59	1888	68
60	1659	54
61	2548	81
62	1675	54
63	1449	48
64	1974	57
65	1818	78
66	2110	64
67	1041	40
68	1760	62
69	2767	83
70	2686	58
71	2034	52
72	847	317
73	2185	66
74	101863	75
75	1863	65
76	2847	69
77	2974	197
78	1811	68
79	2320	73
80	1962	75
81	2395	95
82	1831	78
83	2644	92
84	102644	83
85	102102	86
86	2102	94
87	1966	82
88	2758	83
89	2246	86
90	3371	297
91	3301	295
92	2514	98
93	2560	81
94	2030	87
95	2308	102
96	2699	92
97	2132	94
98	2504	101
99	1999	87
100	2258	108
101	2327	95
102	2185	97
103	2760	115
104	2541	98
105	2013	99
106	1931	82
107	2206	113
108	2108	94
109	2352	100
110	2153	108
111	2310	102
112	2351	101
113	2194	102
114	102194	113
115	2660	128
116	2652	118
117	102526	118
118	2526	109
119	2458	125
120	2626	104
121	2287	113
122	2311	111
123	2764	115
124	2841	103
125	2405	122
126	2482	121
127	2407	122
128	2523	125
129	2533	127
130	2533	126
131	101804	132
132	1804	151
133	2825	116
134	2497	127
135	1257	284
136	2911	123
137	2520	134
138	2647	128
139	102647	138
140	102922	141
141	2922	143
142	2593	134
143	2754	145
144	2770	138
145	2555	137
146	1637	148
147	1606	150
148	1533	278
149	1680	146
150	1464	406
151	1665	156
152	1978	132
153	1745	151
154	2170	152
155	101524	156
156	1524	278
157	101524	156
158	101269	280
159	101197	280
160	101370	158
161	1780	149
162	101546	157
163	101685	180
164	101518	327
165	101705	163
166	101672	155
167	2523	172
168	2562	286
169	2596	167
170	101571	157
171	101786	165
172	2326	176
173	2083	175
174	101906	175
175	1906	161
176	2139	178
177	2828	144
178	2038	175
179	2353	185
180	101611	164
181	2040	178
182	102040	181
183	2180	181
184	2520	179
185	2258	183
186	2467	188
187	102361	188
188	2361	289
189	102361	188
190	202361	189
191	102469	189
192	103107	196
193	102391	189
194	2491	188
195	102491	194
196	102933	197
197	2933	387
198	2859	76
199	4627	206
200	2647	361
201	4468	204
202	4643	208
203	4512	201
204	4449	210
205	4696	199
206	4499	210
207	2786	376
208	4632	213
209	2920	290
210	4326	215
211	4218	220
212	4453	215
213	4584	201
214	4637	299
215	4282	223
216	4192	227
217	4125	224
218	4071	230
219	4267	217
220	4149	218
221	4523	226
222	4663	213
223	4271	231
224	4097	234
225	4247	228
226	4385	229
227	4110	233
228	4160	235
229	4356	223
230	3993	234
231	4210	220
232	4356	228
233	4098	240
234	3916	239
235	4125	233
236	4111	234
237	3925	239
238	4347	231
239	3839	264
240	3985	245
241	4592	243
242	4500	350
243	4522	350
244	4122	240
245	3961	239
246	4253	244
247	2909	405
248	4269	357
249	3060	247
250	2884	405
251	3117	263
252	3597	256
253	103287	294
254	3612	252
255	3653	257
256	3503	293
257	3473	297
258	3174	251
259	3026	247
260	3682	255
261	103485	344
262	102970	263
263	2970	250
264	3813	397
265	3231	258
266	423	18
267	100423	266
268	100649	321
269	100578	267
270	100109	272
271	100334	595
272	100087	273
273	87	4
274	121	4
275	1118	45
276	930	313
277	1340	53
278	1368	53
279	1159	45
280	101159	279
281	2733	168
282	101311	159
283	1526	285
284	1242	275
285	1515	406
286	2529	292
287	2850	290
288	3046	209
289	2296	291
290	2832	373
291	2293	183
292	2499	172
293	3393	297
294	103215	295
295	3215	298
296	4718	241
297	3309	91
298	3124	288
299	4587	243
300	3252	302
301	3394	401
302	3154	288
303	519	24
304	100500	305
305	500	6
306	100446	267
307	200446	306
308	100244	309
309	244	274
310	330	6
311	100330	310
312	642	20
313	784	37
314	1552	29
315	101552	314
316	1590	314
317	757	39
318	1009	72
319	2059	71
320	102059	319
321	100480	267
322	1848	324
323	101689	324
324	1689	148
325	2982	141
326	1478	277
327	101478	326
328	1932	161
329	101665	327
330	201665	329
331	201718	332
332	101718	166
333	102474	187
334	202474	333
335	102527	333
336	102493	187
337	2690	377
338	102636	195
339	2769	337
340	3837	260
341	3636	256
342	103636	341
343	4052	237
344	103385	345
345	3385	382
346	2193	110
347	2978	124
348	3875	416
349	103875	348
350	4415	226
351	104415	350
352	102838	84
353	104710	355
354	104260	508
355	104529	356
356	4529	242
357	4220	244
358	4271	248
359	4284	246
360	4340	220
361	2536	194
362	2336	289
363	102336	362
364	202336	363
365	1000000	-1
366	102423	367
367	2423	362
368	3297	370
369	4271	419
370	3266	300
371	3298	302
372	2879	287
373	2735	200
374	2517	367
375	2824	373
376	2652	200
377	2587	361
378	102587	377
379	1000000	-1
380	1000000	-1
381	103351	382
382	3351	295
383	4670	202
384	4912	296
385	101788	390
386	101697	410
387	2778	88
388	65	4
389	100065	388
390	101676	410
391	2679	377
392	101876	390
393	201876	392
394	103690	398
395	203690	394
396	103624	397
397	3624	400
398	103624	397
399	103429	400
400	3429	90
401	3206	302
402	3489	803
403	3409	345
404	100237	270
405	2804	391
406	1406	284
407	100250	425
408	200250	407
409	201553	410
410	101553	411
411	1553	150
412	1684	147
413	4771	489
414	4719	491
415	103722	421
416	3793	341
417	4130	505
418	4784	413
419	4202	417
420	3717	397
421	103717	420
422	103724	415
423	4127	428
424	3913	488
425	100241	404
426	103873	422
427	4230	432
428	3951	488
429	4315	434
430	4099	424
431	4471	429
432	4203	456
433	4446	443
434	4267	430
435	104267	434
436	4831	527
437	104365	435
438	104294	435
439	104197	508
440	4479	515
441	104479	440
442	104356	443
443	4356	434
444	104356	443
445	104606	441
446	104532	444
447	204532	446
448	204445	449
449	104445	485
450	204445	449
451	204363	452
452	104363	439
453	204363	452
454	204003	498
455	104126	456
456	4126	496
457	104126	456
458	204126	457
459	204269	460
460	104269	521
461	204247	462
462	104247	455
463	204247	462
464	303845	539
465	403845	464
466	304267	467
467	204267	463
468	304263	470
469	204406	580
470	304205	471
471	204205	475
472	304205	471
473	404205	472
474	304044	475
475	204044	476
476	104044	497
477	105028	530
478	103781	807
479	203781	478
480	1000000	-1
481	1000000	-1
482	404139	483
483	304139	484
484	204139	475
485	104297	486
486	4297	419
487	4263	419
488	3878	416
489	4731	414
490	4762	414
491	4542	596
492	4463	443
493	103995	494
494	3995	424
495	103959	496
496	3959	428
497	103959	496
498	203959	497
499	204745	577
500	105049	477
501	203837	503
502	203930	540
503	203719	504
504	103719	421
505	4025	494
506	104025	505
507	4139	494
508	104139	507
509	104379	514
510	104164	508
511	4407	515
512	104407	511
513	104498	509
514	104296	515
515	4296	432
516	104296	515
517	204296	516
518	304296	517
519	204379	517
520	204247	521
521	104247	457
522	104445	462
523	103864	524
524	3864	420
525	103864	524
526	4010	524
527	4656	492
528	104656	527
529	4949	436
530	104949	529
531	204949	530
532	204404	537
533	204494	534
534	104494	536
535	104436	594
536	104342	438
537	204342	536
538	303900	464
539	303773	540
540	203773	503
541	303773	540
542	204019	502
543	304019	542
544	404019	543
545	504019	544
546	404065	547
547	304065	543
548	304247	483
549	404035	544
550	304267	483
551	404267	550
552	304291	550
553	404291	552
554	1000000	-1
555	1000000	-1
556	1000000	-1
557	1000000	-1
558	204602	559
559	104602	597
560	204602	559
561	1000000	-1
562	1000000	-1
563	1000000	-1
564	1000000	-1
565	1000000	-1
566	1000000	-1
567	304360	568
568	204360	571
569	204266	572
570	304266	569
571	204289	569
572	204166	575
573	304149	576
574	304074	575
575	204074	475
576	304074	575
577	204640	579
578	304570	579
579	204570	469
580	204339	463
581	104616	583
582	204494	583
583	104494	585
584	204349	585
585	104349	587
586	204312	587
587	104312	462
588	104428	462
589	203989	591
590	303872	591
591	203872	593
592	303756	593
593	203756	607
594	104398	536
595	100193	272
596	4463	487
597	104463	596
598	104765	559
599	203829	607
600	104315	438
601	4674	440
602	4830	489
603	4820	490
604	4774	489
605	104535	535
606	204535	605
607	203660	608
608	103660	610
609	103724	702
610	103635	698
611	104020	613
612	103744	608
613	103951	684
614	104100	611
615	203730	616
616	103730	808
617	203730	616
618	104094	659
619	103840	683
620	104310	622
621	203980	660
622	104113	659
623	203782	625
624	103796	831
625	203682	626
626	103682	685
627	201782	629
628	104495	620
629	201740	630
630	101740	386
631	101856	386
632	201856	631
633	203859	634
634	103859	626
635	103794	683
636	202034	639
637	201876	629
638	201978	627
639	201965	637
640	202460	673
641	202166	672
642	202396	649
643	202464	650
644	202447	664
645	103989	634
646	103820	635
647	202026	687
648	302026	647
649	202352	651
650	202320	656
651	202247	655
652	202278	670
653	202021	639
654	202285	641
655	202245	676
656	202205	676
657	202637	643
658	202125	691
659	103938	635
660	203811	704
661	203656	662
662	103656	685
663	203656	662
664	202386	673
665	202543	644
666	202518	673
667	202028	653
668	201834	629
669	201839	629
670	202209	667
671	202338	654
672	202076	636
673	202355	641
674	202394	671
675	203696	690
676	202103	691
677	202735	657
678	202050	647
679	302050	678
680	202740	677
681	103944	646
682	103826	608
683	103766	610
684	103818	609
685	103566	879
686	101906	630
687	201906	686
688	202151	667
689	302151	688
690	203586	697
691	202017	692
692	102017	686
693	202017	692
694	202422	664
695	104561	628
696	103958	682
697	203576	698
698	103576	808
699	103553	808
700	103610	698
701	203610	700
702	103665	610
703	103994	613
704	203702	661
705	203684	661
706	201908	707
707	101908	631
708	103879	777
709	103646	780
710	103598	921
711	203598	710
712	103640	714
713	103838	922
714	103630	921
715	103836	712
716	105373	720
717	205373	716
718	205328	723
719	205299	720
720	105299	724
721	205295	723
722	305211	723
723	205211	724
724	105211	727
725	104127	729
726	204127	725
727	105035	730
728	105019	975
729	103980	735
730	104840	975
731	104270	736
732	105327	720
733	104316	731
734	105409	988
735	103978	755
736	104259	930
737	104967	730
738	104364	929
739	104082	735
740	104135	746
741	203990	742
742	103990	755
743	104155	931
744	104264	927
745	104387	974
746	104070	941
747	104234	749
748	104099	739
749	104052	943
750	204052	749
751	104656	973
752	204063	750
753	104111	742
754	104347	929
755	103811	761
756	104161	746
757	204161	756
758	104251	760
759	104555	940
760	104056	774
761	103759	765
762	203759	761
763	303701	764
764	203701	765
765	103701	810
766	104178	748
767	104208	756
768	204208	767
769	203887	762
770	104077	805
771	204077	770
772	104269	770
773	104396	758
774	104017	938
775	103813	478
776	103945	478
777	103863	790
778	103301	804
779	203301	778
780	103486	778
781	203486	780
782	104330	758
783	203520	781
784	103596	801
785	203596	784
786	103731	784
787	103775	791
788	103918	790
789	103731	709
790	103792	797
791	103608	795
792	103557	814
793	104380	782
794	103738	792
795	103485	801
796	103753	699
797	103763	700
798	103714	807
799	103503	958
800	103802	798
801	103416	802
802	3416	382
803	3299	298
804	103299	803
805	104044	829
806	104413	979
807	103695	809
808	103538	828
809	103604	818
810	103550	801
811	103783	616
812	103717	810
813	103852	942
814	103431	824
815	103624	837
816	103504	840
817	203504	816
818	103580	816
819	103869	832
820	103609	810
821	103919	823
822	203726	823
823	103726	812
824	103392	825
825	3392	401
826	103392	825
827	203384	828
828	103384	804
829	103952	838
830	103698	816
831	103656	842
832	103806	834
833	103720	936
834	103706	937
835	103950	838
836	203543	837
837	103543	814
838	103822	858
839	103882	852
840	103459	841
841	3459	803
842	103459	841
843	103665	869
844	103406	804
845	103871	855
846	103774	843
847	103494	826
848	203494	847
849	103807	851
850	103936	959
851	103783	846
852	103753	856
853	102104	85
854	202104	853
855	103793	951
856	103714	883
857	103928	882
858	103715	951
859	103528	847
860	104004	862
861	104024	971
862	103808	852
863	203645	711
864	103870	950
865	103881	886
866	103666	837
867	103928	864
868	103534	859
869	103479	828
870	104005	865
871	204005	870
872	104010	857
873	203978	874
874	103978	867
875	103738	815
876	104119	860
877	103787	856
878	103698	859
879	103488	842
880	104189	876
881	103733	883
882	103766	952
883	103668	952
884	104107	870
885	203870	886
886	103870	945
887	104076	894
888	103822	875
889	104235	887
890	203894	891
891	103894	875
892	203865	946
893	103960	867
894	103995	874
895	102201	85
896	202201	895
897	204019	885
898	304019	897
899	1000000	-1
900	204049	901
901	104049	893
902	204049	901
903	202182	854
904	302182	903
905	202274	903
906	302274	905
907	203799	908
908	103799	955
909	103718	954
910	203718	909
911	1000000	-1
912	1000000	-1
913	1000000	-1
914	1000000	-1
915	1000000	-1
916	1000000	-1
917	1000000	-1
918	203550	919
919	103550	920
920	3550	802
921	103550	920
922	103701	714
923	203701	922
924	304197	925
925	204197	928
926	204205	927
927	104205	972
928	204178	929
929	104178	743
930	104255	743
931	104138	725
932	203818	933
933	103818	953
934	103710	960
935	203573	936
936	103573	795
937	103627	791
938	103917	794
939	103757	937
940	104443	782
941	103978	813
942	103799	823
943	103925	813
944	103994	886
945	103835	866
946	203835	945
947	203965	948
948	103965	888
949	203835	950
950	103835	855
951	103640	820
952	103567	840
953	103640	840
954	103694	957
955	103762	909
956	103776	954
957	103658	966
958	103441	778
959	103896	962
960	103515	799
961	103942	849
962	103891	862
963	104106	860
964	104133	961
965	104153	963
966	103581	868
967	203581	966
968	103699	957
969	103851	846
970	103881	851
971	103945	961
972	104108	760
973	104575	745
974	104226	972
975	104836	751
976	203698	817
977	204094	984
978	203752	976
979	104349	767
980	204349	979
981	104449	806
982	204449	981
983	304086	984
984	204086	769
985	205358	986
986	105358	720
987	205358	986
988	105395	732
989	104276	766
990	104087	941
991	102413	363
992	3603	802
993	102441	991
994	104106	894
995	204106	994
996	1000000	-1
997	1000000	-1
998	1000000	-1
999	1000000	-1
