1000	3540
2	1	100000
2	3	100000
2	4	2
2	7	122
3	2	100000
3	4	100000
3	309	89
4	273	192
4	2	2
4	274	189
4	3	100000
4	388	99
4	5	100000
5	4	100000
5	6	100000
5	8	104
5	9	145
6	305	106
6	309	36
6	5	100000
6	310	144
6	7	100000
7	16	30
7	2	122
7	6	100000
7	8	100000
8	5	104
8	7	100000
8	9	100000
9	5	145
9	8	100000
9	10	100000
9	12	80
10	22	27
10	9	100000
10	11	100000
10	77	190
11	10	100000
11	44	86
11	12	100000
12	9	80
12	11	100000
12	13	100000
12	14	29
14	20	84
14	12	29
14	13	100000
14	15	100000
15	16	100000
15	310	68
15	312	178
15	14	100000
16	17	100000
16	18	31
16	7	30
16	15	100000
18	16	31
18	17	100000
18	19	100000
18	24	88
18	266	77
19	18	100000
19	20	100000
19	21	96
19	23	198
19	25	111
20	19	100000
20	21	100000
20	24	36
20	312	180
20	14	84
21	19	96
21	20	100000
21	22	100000
22	69	159
22	21	100000
22	23	100000
22	10	27
22	58	199
22	44	196
23	19	198
23	38	71
23	22	100000
23	24	100000
24	18	88
24	20	36
24	23	100000
24	25	100000
24	303	187
25	19	111
25	24	100000
25	26	100000
25	29	10
26	37	144
26	312	174
26	25	100000
26	27	100000
27	26	100000
27	28	100000
27	29	61
27	30	31
29	25	10
29	314	51
29	27	61
29	28	100000
29	30	100000
30	32	8
30	27	31
30	29	100000
30	31	100000
32	33	100000
32	34	32
32	30	8
32	31	100000
34	32	32
34	33	100000
34	35	100000
34	36	40
36	34	40
36	35	100000
36	37	100000
36	40	7
36	313	59
37	36	100000
37	38	100000
37	313	195
37	26	144
38	52	186
38	37	100000
38	23	71
38	39	100000
39	38	100000
39	40	100000
39	317	135
39	303	136
40	67	169
40	36	7
40	39	100000
40	41	100000
40	45	31
41	40	100000
41	57	55
41	42	100000
41	43	56
42	279	55
42	41	100000
42	43	100000
43	41	56
43	42	100000
43	44	100000
44	51	33
44	22	196
44	11	86
44	43	100000
44	45	100000
45	275	165
45	279	134
45	40	31
45	44	100000
45	46	100000
46	56	121
46	59	111
46	45	100000
46	47	100000
47	48	100000
47	55	168
47	60	149
47	46	100000
48	49	100000
48	277	67
48	54	76
48	63	94
48	47	100000
49	48	100000
49	50	100000
49	55	129
50	49	100000
50	51	100000
50	58	111
50	61	111
51	50	100000
51	52	100000
51	44	33
52	51	100000
52	132	148
52	53	100000
52	38	186
52	71	130
53	52	100000
53	277	33
53	278	15
53	54	100000
53	279	26
54	48	76
54	53	100000
54	55	100000
54	60	27
54	62	49
55	49	129
55	54	100000
55	56	100000
55	47	168
56	65	166
56	55	100000
56	57	100000
56	46	121
57	64	167
57	56	100000
57	41	55
57	58	100000
57	75	22
58	50	111
58	22	199
58	70	170
58	57	100000
58	59	100000
59	65	60
59	68	199
59	58	100000
59	60	100000
59	46	111
60	54	27
60	59	100000
60	61	100000
60	47	149
61	81	189
61	50	111
61	70	155
61	60	100000
61	62	100000
62	68	166
62	54	49
62	61	100000
62	63	100000
63	48	94
63	64	100000
63	62	100000
64	80	195
64	65	100000
64	66	111
64	57	167
64	63	100000
65	64	100000
65	66	100000
65	56	166
65	59	60
65	75	59
65	78	165
66	64	111
66	65	100000
66	67	100000
66	86	62
66	73	80
67	66	100000
67	68	100000
67	40	169
68	67	100000
68	69	100000
68	59	199
68	62	166
68	78	164
69	83	89
69	68	100000
69	22	159
69	70	100000
69	76	39
70	69	100000
70	71	100000
70	58	170
70	61	155
70	93	52
71	52	130
71	70	100000
71	72	100000
71	319	51
72	71	100000
72	73	100000
72	317	55
72	318	109
73	66	80
73	72	100000
73	74	100000
73	79	22
75	80	94
75	65	59
75	82	147
75	57	22
75	74	100000
75	76	100000
76	69	39
76	198	101
76	88	188
76	75	100000
76	77	100000
77	197	146
77	10	190
77	76	100000
77	78	100000
78	65	165
78	82	175
78	68	164
78	77	100000
78	79	100000
79	80	100000
79	81	191
79	73	22
79	89	168
79	78	100000
80	64	195
80	81	100000
80	86	197
80	87	104
80	75	94
80	79	100000
81	80	100000
81	82	100000
81	61	189
81	93	191
81	79	191
81	95	46
82	81	100000
82	83	100000
82	87	200
82	106	176
82	75	147
82	78	175
83	82	100000
83	84	100000
83	69	89
83	88	79
83	92	129
84	352	194
84	83	100000
84	85	100000
85	84	100000
85	853	175
85	86	100000
85	895	192
86	80	197
86	66	62
86	85	100000
86	87	100000
86	89	44
86	94	161
87	80	104
87	82	200
87	99	151
87	86	100000
87	88	100000
87	94	95
88	96	82
88	83	79
88	387	107
88	87	100000
88	89	100000
88	76	188
89	97	175
89	86	44
89	88	100000
89	90	100000
89	79	168
89	95	24
90	400	86
90	297	96
90	89	100000
90	91	100000
91	295	125
91	297	82
91	345	73
91	90	100000
91	92	100000
92	96	87
92	98	33
92	83	129
92	91	100000
92	93	100000
93	81	191
93	70	52
93	92	100000
93	94	100000
94	97	197
94	86	161
94	87	95
94	108	155
94	93	100000
94	95	100000
95	96	100000
95	81	46
95	101	25
95	102	123
95	89	24
95	94	100000
96	97	100000
96	103	22
96	88	82
96	104	58
96	92	87
96	95	100000
97	96	100000
97	98	100000
97	102	53
97	89	175
97	107	19
97	94	197
98	97	100000
98	99	100000
98	101	99
98	104	104
98	92	33
99	98	100000
99	100	100000
99	87	151
99	105	195
100	99	100000
100	101	100000
100	108	23
100	109	98
101	112	90
101	98	99
101	100	100000
101	102	100000
101	95	25
102	97	53
102	113	42
102	101	100000
102	103	100000
102	95	123
102	111	122
103	96	22
103	115	17
103	102	100000
103	104	100000
103	124	52
104	96	58
104	98	104
104	115	127
104	103	100000
104	120	15
104	105	100000
105	99	195
105	104	100000
105	106	100000
106	82	176
106	105	100000
106	107	100000
107	97	19
107	113	185
107	346	97
107	106	100000
107	108	100000
108	100	23
108	107	100000
108	109	100000
108	94	155
108	110	186
109	100	98
109	118	19
109	108	100000
109	110	100000
110	346	133
110	108	186
110	109	100000
110	111	100000
111	112	100000
111	102	122
111	119	65
111	122	176
111	110	100000
112	113	100000
112	101	90
112	111	100000
113	112	100000
113	114	100000
113	102	42
113	121	165
113	107	185
115	128	67
115	114	100000
115	116	100000
115	103	17
115	104	127
115	120	152
115	123	112
116	115	100000
116	133	165
116	117	100000
116	118	183
118	116	183
118	117	100000
118	119	100000
118	109	19
119	118	100000
119	120	100000
119	125	58
119	111	65
120	115	152
120	119	100000
120	104	15
120	121	100000
121	113	165
121	120	100000
121	122	100000
121	126	22
122	121	100000
122	123	100000
122	125	15
122	111	176
122	127	85
123	115	112
123	136	189
123	122	100000
123	124	100000
124	103	52
124	347	179
124	123	100000
124	125	100000
125	128	153
125	129	142
125	119	58
125	122	15
125	124	100000
125	126	100000
126	130	76
126	121	22
126	125	100000
126	127	100000
127	128	100000
127	129	135
127	134	14
127	122	85
127	126	100000
128	129	100000
128	115	67
128	138	195
128	125	153
128	127	100000
129	128	100000
129	130	100000
129	137	166
129	125	142
129	127	135
130	129	100000
130	131	100000
130	134	58
130	126	76
132	131	100000
132	52	148
132	133	100000
132	151	174
132	152	100
133	116	165
133	132	100000
133	134	100000
134	130	58
134	133	100000
134	135	100000
134	137	193
134	142	142
134	127	14
135	134	100000
135	136	100000
135	284	16
136	135	100000
136	137	100000
136	123	189
136	347	44
137	129	166
137	145	119
137	134	193
137	136	100000
137	138	100000
138	128	195
138	144	166
138	137	100000
138	139	100000
141	325	21
141	140	100000
141	142	100000
141	143	13
142	145	109
142	134	142
142	141	100000
142	143	100000
143	144	100000
143	145	30
143	141	13
143	142	100000
144	177	125
144	145	100000
144	138	166
144	143	100000
145	144	100000
145	146	100000
145	137	119
145	142	109
145	143	30
146	145	100000
146	147	100000
146	148	141
146	149	21
147	146	100000
147	148	100000
147	150	146
147	412	170
148	146	141
148	147	100000
148	324	181
148	149	100000
148	278	146
149	161	7
149	146	21
149	148	100000
149	150	100000
150	147	146
150	149	100000
150	406	45
150	151	100000
150	411	50
151	132	174
151	150	100000
151	152	100000
151	153	177
151	156	23
152	132	100
152	151	100000
152	153	100000
152	154	85
153	151	177
153	152	100000
153	154	100000
154	152	85
154	153	100000
154	155	100000
155	166	27
155	154	100000
155	156	100000
155	157	52
156	278	77
156	151	23
156	155	100000
156	157	100000
157	162	98
157	170	151
157	155	52
157	156	100000
157	158	100000
158	160	180
158	280	121
158	157	100000
158	159	100000
159	160	100000
159	280	166
159	282	167
159	158	100000
160	161	100000
160	158	180
160	159	100000
161	160	100000
161	162	100000
161	149	7
161	328	16
161	175	27
162	161	100000
162	163	100000
162	157	98
163	162	100000
163	180	171
163	164	100000
163	165	19
164	163	100000
164	180	57
164	165	100000
164	327	64
165	163	19
165	164	100000
165	166	100000
165	171	13
166	165	100000
166	167	100000
166	155	27
166	332	2
167	166	100000
167	168	100000
167	169	173
167	172	195
168	167	100000
168	281	67
168	169	100000
168	286	63
169	167	173
169	168	100000
169	170	100000
170	169	100000
170	171	100000
170	157	151
171	165	13
171	170	100000
171	172	100000
172	176	118
172	292	58
172	167	195
172	171	100000
172	173	100000
173	176	98
173	172	100000
173	174	100000
173	175	141
175	176	100000
175	161	27
175	178	132
175	173	141
175	174	100000
176	177	100000
176	178	16
176	172	118
176	173	98
176	175	100000
177	144	125
177	176	100000
177	178	100000
178	176	16
178	177	100000
178	179	100000
178	181	198
178	175	132
179	178	100000
179	180	100000
179	184	165
179	185	56
180	163	171
180	179	100000
180	164	57
180	181	100000
181	178	198
181	180	100000
181	182	100000
181	183	67
183	291	32
183	181	67
183	182	100000
183	184	100000
183	185	194
184	179	165
184	183	100000
184	185	100000
185	179	56
185	183	194
185	184	100000
185	186	100000
186	185	100000
186	187	100000
186	188	101
187	336	7
187	186	100000
187	188	100000
187	333	21
188	289	75
188	194	100
188	186	101
188	187	100000
188	189	100000
189	193	186
189	188	100000
189	190	100000
189	191	22
191	192	100000
191	189	22
191	190	100000
192	193	100000
192	196	126
192	191	100000
193	192	100000
193	194	100000
193	189	186
194	193	100000
194	195	100000
194	361	27
194	188	100
195	338	102
195	194	100000
195	196	100000
196	192	126
196	195	100000
196	197	100000
197	387	35
197	196	100000
197	198	100000
197	77	146
198	197	100000
198	199	100000
198	76	101
199	198	100000
199	200	100000
199	205	189
199	206	63
200	373	124
200	199	100000
200	376	189
200	361	25
200	201	100000
201	213	36
201	200	100000
201	202	100000
201	203	84
201	204	52
202	208	176
202	201	100000
202	203	100000
202	383	6
203	201	84
203	202	100000
203	204	100000
203	383	193
204	210	63
204	212	169
204	201	52
204	203	100000
204	205	100000
205	199	189
205	204	100000
205	206	100000
206	210	96
206	199	63
206	205	100000
206	207	100000
207	208	100000
207	376	136
207	206	100000
208	209	100000
208	213	53
208	214	176
208	202	176
208	207	100000
209	288	42
209	208	100000
209	290	23
209	210	100000
209	287	12
210	209	100000
210	211	100000
210	215	146
210	204	63
210	206	96
211	210	100000
211	212	100000
211	220	72
211	223	148
212	211	100000
212	213	100000
212	215	43
212	204	169
212	221	137
213	208	53
213	212	100000
213	214	100000
213	201	36
213	222	103
214	208	176
214	213	100000
214	215	100000
214	299	99
214	222	22
215	210	146
215	226	15
215	212	43
215	214	100000
215	216	100000
215	223	13
216	225	108
216	227	122
216	215	100000
216	217	100000
217	224	110
217	216	100000
217	218	100000
217	219	112
218	224	42
218	230	90
218	217	100000
218	219	100000
218	220	152
219	360	135
219	217	112
219	218	100000
219	220	100000
220	211	72
220	231	118
220	360	78
220	218	152
220	219	100000
220	221	100000
221	226	171
221	243	57
221	212	137
221	220	100000
221	222	100000
222	213	103
222	214	22
222	221	100000
222	223	100000
223	224	100000
223	211	148
223	229	12
223	215	13
223	231	142
223	222	100000
224	225	100000
224	227	78
224	217	110
224	218	42
224	234	27
224	223	100000
225	224	100000
225	226	100000
225	228	53
225	216	108
225	233	28
226	225	100000
226	227	100000
226	229	97
226	215	15
226	221	171
226	350	125
227	224	78
227	226	100000
227	228	100000
227	216	122
227	233	85
227	236	46
228	225	53
228	227	100000
228	229	100000
228	232	19
228	235	57
229	226	97
229	228	100000
229	230	100000
229	238	113
229	223	12
230	229	100000
230	231	100000
230	218	90
230	234	96
230	237	151
231	230	100000
231	232	100000
231	220	118
231	238	93
231	223	142
232	228	19
232	231	100000
232	233	100000
233	240	56
233	225	28
233	227	85
233	232	100000
233	234	100000
233	235	124
234	224	27
234	230	96
234	233	100000
234	235	100000
234	236	182
234	239	15
235	228	57
235	244	172
235	233	124
235	234	100000
235	236	100000
236	240	178
236	227	46
236	234	182
236	235	100000
236	237	100000
237	230	151
237	343	10
237	236	100000
237	238	100000
237	239	29
238	229	113
238	231	93
238	237	100000
238	239	100000
239	240	100000
239	245	33
239	264	32
239	234	15
239	237	29
239	238	100000
240	241	100000
240	244	195
240	245	47
240	233	56
240	236	178
240	239	100000
241	240	100000
241	242	100000
241	243	102
241	296	66
242	241	100000
242	243	100000
242	356	95
242	350	197
243	241	102
243	242	100000
243	244	100000
243	299	175
243	221	57
243	350	115
244	240	195
244	243	100000
244	357	11
244	245	100000
244	246	22
244	235	172
245	240	47
245	244	100000
245	246	100000
245	239	33
246	244	22
246	245	100000
246	359	41
246	247	100000
247	259	82
247	405	33
247	246	100000
247	248	100000
247	249	133
248	357	26
248	358	16
248	247	100000
248	249	100000
249	247	133
249	248	100000
249	250	100000
249	251	16
250	405	103
250	263	108
250	249	100000
250	251	100000
251	258	2
251	263	9
251	249	16
251	250	100000
251	252	100000
252	256	66
252	251	100000
252	253	100000
252	254	115
253	294	131
253	252	100000
253	254	100000
254	252	115
254	253	100000
254	255	100000
255	256	100000
255	257	130
255	260	150
255	254	100000
256	257	100000
256	293	28
256	341	115
256	252	66
256	255	100000
257	256	100000
257	258	100000
257	297	35
257	255	130
258	257	100000
258	259	100000
258	265	166
258	251	2
259	258	100000
259	260	100000
259	247	82
260	259	100000
260	340	165
260	261	100000
260	255	150
261	260	100000
261	262	100000
261	344	189
263	262	100000
263	264	100000
263	250	108
263	251	9
264	263	100000
264	265	100000
264	397	165
264	239	32
265	258	166
265	264	100000
265	266	100000
266	18	77
266	265	100000
266	267	100000
266	303	26
267	321	59
267	306	101
267	266	100000
267	268	100000
267	269	3
268	321	96
268	267	100000
268	269	100000
269	321	79
269	267	3
269	268	100000
269	270	100000
270	272	61
270	404	104
270	269	100000
270	271	100000
271	272	100000
271	595	135
271	270	100000
272	273	100000
272	595	7
272	270	61
272	271	100000
273	272	100000
273	274	100000
273	4	192
274	273	100000
274	275	100000
274	4	189
274	309	68
275	274	100000
275	276	100000
275	284	44
275	45	165
276	275	100000
276	277	100000
276	313	27
277	48	67
277	276	100000
277	53	33
277	326	148
277	278	100000
278	148	146
278	53	15
278	277	100000
278	279	100000
278	156	77
279	53	26
279	278	100000
279	280	100000
279	42	55
279	45	134
280	279	100000
280	281	100000
280	158	121
280	159	166
281	168	67
281	280	100000
281	282	100000
282	281	100000
282	283	100000
282	159	167
283	282	100000
283	284	100000
283	285	170
284	275	44
284	406	77
284	135	16
284	283	100000
284	285	100000
285	406	168
285	283	170
285	284	100000
285	286	100000
286	292	192
286	168	63
286	285	100000
286	287	100000
287	288	100000
287	209	12
287	290	129
287	372	160
287	286	100000
288	209	42
288	289	100000
288	298	123
288	302	157
288	287	100000
289	288	100000
289	290	100000
289	291	108
289	362	4
289	188	75
290	209	23
290	289	100000
290	291	100000
290	373	81
290	375	77
290	287	129
291	289	108
291	290	100000
291	292	100000
291	183	32
292	291	100000
292	293	100000
292	172	58
292	286	192
293	256	28
293	292	100000
293	294	100000
293	297	176
294	293	100000
294	295	100000
294	253	131
295	294	100000
295	296	100000
295	298	144
295	91	125
295	382	134
296	384	123
296	241	66
296	295	100000
296	297	100000
297	257	35
297	293	176
297	296	100000
297	90	96
297	298	100000
297	91	82
298	288	123
298	803	124
298	295	144
298	297	100000
298	299	100000
299	243	175
299	214	99
299	298	100000
299	300	100000
300	368	167
300	370	186
300	299	100000
300	301	100000
300	302	108
301	401	117
301	300	100000
301	302	100000
302	288	157
302	401	74
302	371	5
302	300	108
302	301	100000
302	303	100000
303	304	100000
303	39	136
303	24	187
303	266	26
303	302	100000
305	304	100000
305	306	100000
305	6	106
306	305	100000
306	307	100000
306	267	101
309	274	68
309	3	89
309	308	100000
309	6	36
309	310	100000
310	309	100000
310	6	144
310	311	100000
310	15	68
312	20	180
312	311	100000
312	313	100000
312	26	174
312	15	178
313	36	59
313	276	27
313	37	195
313	312	100000
313	314	100000
314	313	100000
314	315	100000
314	316	40
314	29	51
316	314	40
316	315	100000
316	317	100000
317	39	135
317	72	55
317	316	100000
317	318	100000
318	72	109
318	317	100000
318	319	100000
319	320	100000
319	71	51
319	318	100000
321	320	100000
321	322	100000
321	267	59
321	268	96
321	269	79
322	321	100000
322	323	100000
322	324	1
322	412	196
324	322	1
324	323	100000
324	148	181
324	325	100000
325	324	100000
325	326	100000
325	141	21
326	277	148
326	325	100000
326	327	100000
327	164	64
327	326	100000
327	328	100000
327	329	71
328	161	16
328	327	100000
328	329	100000
329	327	71
329	328	100000
329	330	100000
332	166	2
332	331	100000
332	333	100000
333	187	21
333	332	100000
333	334	100000
333	335	179
335	336	100000
335	333	179
335	334	100000
336	337	100000
336	187	7
336	335	100000
337	336	100000
337	338	100000
337	339	129
337	377	75
338	337	100000
338	195	102
338	339	100000
339	337	129
339	338	100000
339	340	100000
340	339	100000
340	260	165
340	341	100000
340	348	60
341	256	115
341	416	77
341	340	100000
341	342	100000
343	342	100000
343	344	100000
343	237	10
344	261	189
344	343	100000
344	345	100000
345	403	81
345	344	100000
345	346	100000
345	91	73
345	382	12
346	345	100000
346	107	97
346	347	100000
346	110	133
347	136	44
347	346	100000
347	124	179
347	348	100000
348	416	130
348	340	60
348	347	100000
348	349	100000
350	226	125
350	242	197
350	243	115
350	349	100000
350	351	100000
352	353	100000
352	84	194
352	351	100000
353	352	100000
353	354	100000
353	355	177
354	353	100000
354	355	100000
354	508	109
354	509	148
355	353	177
355	354	100000
355	356	100000
356	242	95
356	355	100000
356	357	100000
357	244	11
357	356	100000
357	358	100000
357	359	142
357	248	26
358	357	100000
358	359	100000
358	248	16
359	357	142
359	246	41
359	358	100000
359	360	100000
360	359	100000
360	361	100000
360	219	135
360	220	78
361	194	27
361	200	25
361	360	100000
361	377	97
361	362	100000
362	289	4
362	361	100000
362	363	100000
362	367	55
363	362	100000
363	364	100000
363	991	129
367	368	100000
367	374	141
367	362	55
367	366	100000
368	369	100000
368	370	113
368	300	167
368	367	100000
369	368	100000
369	370	100000
369	419	166
369	486	56
370	368	113
370	369	100000
370	371	100000
370	300	186
371	370	100000
371	372	100000
371	302	5
372	371	100000
372	373	100000
372	287	160
373	290	81
373	372	100000
373	374	100000
373	375	177
373	200	124
374	373	100000
374	375	100000
374	367	141
375	290	77
375	373	177
375	374	100000
375	376	100000
376	391	39
376	375	100000
376	200	189
376	377	100000
376	207	136
377	337	75
377	391	171
377	376	100000
377	361	97
377	378	100000
382	802	158
382	295	134
382	345	12
382	381	100000
382	383	100000
383	384	100000
383	202	6
383	203	193
383	382	100000
384	385	100000
384	296	123
384	383	100000
385	384	100000
385	386	100000
385	390	137
385	392	195
386	385	100000
386	387	100000
386	630	33
386	631	162
386	410	54
387	386	100000
387	388	100000
387	197	35
387	88	107
388	387	100000
388	4	99
388	389	100000
390	385	137
390	389	100000
390	391	100000
390	392	137
390	410	193
391	405	198
391	390	100000
391	376	39
391	392	100000
391	377	171
392	385	195
392	390	137
392	391	100000
392	393	100000
394	393	100000
394	395	100000
394	398	133
397	400	56
397	420	151
397	264	165
397	396	100000
397	398	100000
398	394	133
398	397	100000
398	399	100000
400	401	100000
400	90	86
400	397	56
400	399	100000
401	400	100000
401	402	100000
401	825	117
401	301	117
401	302	74
402	401	100000
402	803	177
402	403	100000
402	825	17
403	402	100000
403	404	100000
403	345	81
403	825	53
403	841	75
404	403	100000
404	405	100000
404	407	53
404	425	187
404	270	104
405	404	100000
405	406	100000
405	247	33
405	391	198
405	250	103
406	405	100000
406	150	45
406	407	100000
406	284	77
406	285	168
407	404	53
407	406	100000
407	408	100000
407	425	1
410	386	54
410	390	193
410	409	100000
410	411	100000
411	150	50
411	410	100000
411	412	100000
412	322	196
412	147	170
412	411	100000
412	413	100000
413	418	193
413	489	88
413	412	100000
413	414	100000
414	489	145
414	490	23
414	491	5
414	413	100000
414	415	100000
415	416	100000
415	421	105
415	422	84
415	414	100000
416	417	100000
416	341	77
416	488	128
416	348	130
416	415	100000
417	416	100000
417	418	100000
417	419	44
417	505	4
418	417	100000
418	419	100000
418	413	193
419	369	166
419	417	44
419	418	100000
419	420	100000
419	486	161
419	487	66
420	419	100000
420	421	100000
420	524	144
420	397	151
421	420	100000
421	422	100000
421	504	69
421	415	105
422	421	100000
422	423	100000
422	426	69
422	415	84
423	422	100000
423	424	100000
423	428	147
423	430	9
424	423	100000
424	488	186
424	425	100000
424	430	90
424	494	74
425	404	187
425	407	1
425	424	100000
425	426	100000
426	422	69
426	425	100000
426	427	100000
427	432	104
427	426	100000
427	428	100000
428	496	23
428	423	147
428	488	191
428	427	100000
428	429	100000
429	434	63
429	428	100000
429	430	100000
429	431	36
430	434	69
430	423	9
430	424	90
430	429	100000
430	431	100000
431	432	100000
431	443	45
431	429	36
431	430	100000
432	433	100000
432	515	174
432	456	188
432	427	104
432	431	100000
433	432	100000
433	434	100000
433	443	86
433	492	57
434	433	100000
434	435	100000
434	443	98
434	429	63
434	430	69
435	434	100000
435	436	100000
435	437	21
435	438	181
436	529	117
436	435	100000
436	437	100000
436	527	86
437	435	21
437	436	100000
437	438	100000
438	435	181
438	437	100000
438	439	100000
438	536	138
438	600	11
439	452	112
439	438	100000
439	440	100000
439	508	64
440	515	179
440	439	100000
440	601	66
440	441	100000
441	440	100000
441	442	100000
441	445	181
443	433	86
443	434	98
443	442	100000
443	492	28
443	444	100000
443	431	45
444	443	100000
444	445	100000
444	446	36
445	441	181
445	444	100000
445	446	100000
446	444	36
446	445	100000
446	447	100000
449	448	100000
449	450	100000
449	485	86
452	451	100000
452	516	119
452	453	100000
452	439	112
454	498	168
454	453	100000
454	455	100000
455	454	100000
455	456	100000
455	457	100
455	462	152
456	432	188
456	496	2
456	455	100000
456	457	100000
457	455	100
457	456	100000
457	521	57
457	458	100000
458	520	58
458	457	100000
458	459	100000
458	461	84
459	458	100000
459	460	100000
459	461	42
460	521	186
460	459	100000
460	461	100000
461	458	84
461	459	42
461	460	100000
461	462	100000
462	455	152
462	522	34
462	587	78
462	588	59
462	461	100000
462	463	100000
463	464	100000
463	467	26
463	580	25
463	462	100000
464	465	100000
464	538	33
464	539	194
464	463	100000
467	466	100000
467	468	100000
467	463	26
468	467	100000
468	469	100000
468	470	196
469	579	155
469	580	112
469	468	100000
469	470	100000
470	468	196
470	469	100000
470	471	100000
471	470	100000
471	472	100000
471	475	197
472	471	100000
472	473	100000
472	573	155
475	484	136
475	471	197
475	474	100000
475	476	100000
475	575	34
476	497	161
476	475	100000
476	477	100000
477	530	113
477	500	31
477	476	100000
477	478	100000
478	775	83
478	807	6
478	776	91
478	477	100000
478	479	100000
481	480	100000
481	482	100000
481	554	147
481	556	191
483	482	100000
483	548	47
483	484	100000
483	550	105
484	483	100000
484	485	100000
484	475	136
485	449	86
485	484	100000
485	486	100000
486	369	56
486	419	161
486	485	100000
486	487	100000
487	419	66
487	596	174
487	486	100000
487	488	100000
488	416	128
488	487	100000
488	424	186
488	489	100000
488	428	191
489	488	100000
489	602	150
489	490	100000
489	604	140
489	413	88
489	414	145
490	489	100000
490	603	172
490	491	100000
490	414	23
491	596	65
491	490	100000
491	492	100000
491	414	5
492	433	57
492	443	28
492	491	100000
492	493	100000
492	527	1
494	424	74
494	505	58
494	507	32
494	493	100000
494	495	100000
496	497	100000
496	456	2
496	428	23
496	495	100000
497	496	100000
497	498	100000
497	476	161
498	497	100000
498	499	100000
498	454	168
499	577	181
499	498	100000
499	500	100000
500	499	100000
500	501	100000
500	477	31
501	500	100000
501	502	100000
501	503	148
502	501	100000
502	503	100000
502	540	180
502	542	42
503	501	148
503	502	100000
503	504	100000
503	540	129
504	421	69
504	503	100000
504	505	100000
505	417	4
505	504	100000
505	506	100000
505	494	58
507	506	100000
507	508	100000
507	494	32
508	354	109
508	439	64
508	507	100000
508	509	100000
508	510	156
509	513	81
509	354	148
509	514	102
509	508	100000
509	510	100000
510	508	156
510	509	100000
510	511	100000
511	512	100000
511	515	37
511	510	100000
513	512	100000
513	514	100000
513	509	81
514	513	100000
514	515	100000
514	509	102
515	432	174
515	514	100000
515	516	100000
515	440	179
515	511	37
516	515	100000
516	452	119
516	517	100000
517	516	100000
517	518	100000
517	519	110
519	517	110
519	518	100000
519	520	100000
520	519	100000
520	521	100000
520	458	58
521	520	100000
521	457	57
521	522	100000
521	460	186
522	521	100000
522	523	100000
522	462	34
524	420	144
524	523	100000
524	525	100000
524	526	147
526	524	147
526	525	100000
526	527	100000
527	528	100000
527	436	86
527	492	1
527	526	100000
529	528	100000
529	530	100000
529	436	117
530	529	100000
530	531	100000
530	477	113
532	531	100000
532	533	100000
532	537	51
534	594	46
534	533	100000
534	535	100000
534	536	4
535	594	154
535	534	100000
535	536	100000
535	605	176
536	594	7
536	438	138
536	534	4
536	535	100000
536	537	100000
537	532	51
537	536	100000
537	538	100000
538	464	33
538	537	100000
538	539	100000
539	464	194
539	538	100000
539	540	100000
540	502	180
540	503	129
540	539	100000
540	541	100000
542	502	42
542	541	100000
542	543	100000
543	544	100000
543	547	23
543	542	100000
544	545	100000
544	549	182
544	543	100000
547	546	100000
547	548	100000
547	543	23
548	483	47
548	547	100000
548	549	100000
549	544	182
549	548	100000
549	550	100000
550	483	105
550	549	100000
550	551	100000
550	552	86
552	550	86
552	551	100000
552	553	100000
554	481	147
554	553	100000
554	555	100000
556	481	191
556	555	100000
556	557	100000
559	560	100000
559	597	149
559	598	120
559	558	100000
561	560	100000
561	562	100000
561	564	1
562	561	100000
562	563	100000
562	564	6
562	565	178
564	561	1
564	562	6
564	563	100000
564	565	100000
565	562	178
565	564	100000
565	566	100000
568	567	100000
568	569	100000
568	571	117
569	568	100000
569	570	100000
569	571	177
569	572	159
571	568	117
571	569	177
571	570	100000
571	572	100000
572	569	159
572	571	100000
572	573	100000
572	575	160
573	576	146
573	472	155
573	572	100000
573	574	100000
575	576	100000
575	475	34
575	572	160
575	574	100000
576	577	100000
576	573	146
576	575	100000
577	576	100000
577	578	100000
577	499	181
577	579	26
579	577	26
579	578	100000
579	580	100000
579	469	155
580	579	100000
580	469	112
580	581	100000
580	463	25
581	580	100000
581	582	100000
581	583	159
583	581	159
583	582	100000
583	584	100000
583	585	175
585	583	175
585	584	100000
585	586	100000
585	587	29
587	585	29
587	586	100000
587	588	100000
587	462	78
588	587	100000
588	589	100000
588	462	59
589	588	100000
589	590	100000
589	591	198
591	592	100000
591	593	108
591	589	198
591	590	100000
593	592	100000
593	594	100000
593	591	108
593	607	98
594	593	100000
594	595	100000
594	534	46
594	535	154
594	536	7
595	272	7
595	594	100000
595	596	100000
595	271	135
596	595	100000
596	597	100000
596	487	174
596	491	65
597	596	100000
597	598	100000
597	559	149
598	597	100000
598	599	100000
598	559	120
599	598	100000
599	600	100000
599	607	38
600	438	11
600	599	100000
600	601	100000
601	440	66
601	600	100000
601	602	100000
602	489	150
602	601	100000
602	603	100000
602	604	26
603	490	172
603	602	100000
603	604	100000
604	489	140
604	602	26
604	603	100000
604	605	100000
605	535	176
605	604	100000
605	606	100000
607	608	100000
607	593	98
607	599	38
607	606	100000
608	609	100000
608	610	2
608	612	21
608	682	54
608	607	100000
609	608	100000
609	610	100000
609	684	171
609	702	23
610	608	2
610	609	100000
610	611	100000
610	698	140
610	683	184
610	702	137
611	610	100000
611	612	100000
611	613	190
611	614	153
612	608	21
612	611	100000
612	613	100000
612	619	133
612	684	167
613	611	190
613	612	100000
613	614	100000
613	684	71
613	703	71
614	611	153
614	613	100000
614	615	100000
614	618	30
614	622	155
615	614	100000
615	616	100000
615	617	144
615	623	77
616	615	100000
616	808	69
616	617	100000
616	811	72
617	615	144
617	616	100000
617	618	100000
618	659	18
618	614	30
618	617	100000
618	619	100000
619	612	133
619	682	16
619	618	100000
619	683	175
619	620	100000
620	628	59
620	619	100000
620	621	100000
620	622	66
621	660	169
621	620	100000
621	622	100000
622	659	131
622	614	155
622	620	66
622	621	100000
622	623	100000
623	624	100000
623	625	71
623	615	77
623	622	100000
624	625	100000
624	831	24
624	623	100000
625	624	100000
625	626	100000
625	623	71
626	625	100000
626	627	100000
626	634	6
626	685	90
627	626	100000
627	628	100000
627	629	176
627	637	68
627	638	200
628	627	100000
628	629	100000
628	695	43
628	620	59
629	627	176
629	628	100000
629	630	100000
629	668	19
629	637	117
629	669	161
630	386	33
630	629	100000
630	631	100000
630	686	87
631	386	162
631	707	102
631	630	100000
631	632	100000
634	626	6
634	645	54
634	633	100000
634	635	100000
635	659	197
635	646	13
635	634	100000
635	683	56
635	636	100000
636	672	14
636	635	100000
636	637	100000
636	639	151
637	627	68
637	629	117
637	636	100000
637	638	100000
637	639	27
638	627	200
638	653	138
638	637	100000
638	639	100000
639	640	100000
639	636	151
639	637	27
639	653	57
639	638	100000
640	673	114
640	641	100000
640	642	91
640	639	100000
641	672	12
641	640	100000
641	673	196
641	642	100000
641	654	15
641	655	78
642	640	91
642	641	100000
642	643	100000
642	649	42
642	651	147
643	657	40
643	642	100000
643	644	100000
643	650	28
644	643	100000
644	645	100000
644	664	74
644	665	9
644	666	81
645	644	100000
645	646	100000
645	634	54
646	645	100000
646	647	100000
646	681	112
646	635	13
647	678	163
647	646	100000
647	648	100000
647	687	123
649	642	42
649	648	100000
649	650	100000
649	651	93
650	656	11
650	643	28
650	649	100000
650	651	100000
651	642	147
651	649	93
651	650	100000
651	652	100000
651	655	159
652	651	100000
652	653	100000
652	654	195
652	670	6
653	667	151
653	652	100000
653	638	138
653	654	100000
653	639	57
654	641	15
654	674	51
654	652	195
654	653	100000
654	671	6
654	655	100000
655	656	100000
655	641	78
655	676	42
655	651	159
655	654	100000
656	657	100000
656	658	146
656	676	155
656	650	11
656	655	100000
657	656	100000
657	658	100000
657	643	40
657	677	124
658	656	146
658	657	100000
658	691	141
658	659	100000
659	658	100000
659	660	100000
659	618	18
659	635	197
659	683	156
659	622	131
660	704	115
660	659	100000
660	661	100000
660	621	169
661	704	33
661	705	114
661	660	100000
661	662	100000
662	661	100000
662	663	100000
662	685	179
664	673	194
664	644	74
664	694	36
664	663	100000
664	665	100000
665	644	9
665	664	100000
665	666	100000
666	673	155
666	644	81
666	665	100000
666	667	100000
667	688	71
667	666	100000
667	668	100000
667	653	151
667	670	124
668	629	19
668	667	100000
668	669	100000
669	629	161
669	668	100000
669	670	100000
670	667	124
670	652	6
670	669	100000
670	671	100000
671	672	100000
671	674	87
671	654	6
671	670	100000
672	641	12
672	673	100000
672	636	14
672	671	100000
673	640	114
673	672	100000
673	641	196
673	674	100000
673	664	194
673	666	155
674	673	100000
674	675	100000
674	654	51
674	671	87
675	690	105
675	674	100000
675	676	100000
676	656	155
676	691	9
676	675	100000
676	677	100000
676	655	42
677	657	124
677	676	100000
677	678	100000
677	680	199
678	677	100000
678	647	163
678	679	100000
680	677	199
680	679	100000
680	681	100000
681	646	112
681	680	100000
681	682	100000
682	608	54
682	696	57
682	681	100000
682	619	16
682	683	100000
683	610	184
683	659	156
683	682	100000
683	619	175
683	635	56
683	684	100000
684	609	171
684	612	167
684	613	71
684	683	100000
684	685	100000
685	626	90
685	662	179
685	684	100000
685	686	100000
685	879	35
686	692	102
686	630	87
686	685	100000
686	687	100000
687	688	100000
687	647	123
687	686	100000
688	689	100000
688	667	71
688	687	100000
690	689	100000
690	675	105
690	691	100000
690	697	15
691	658	141
691	690	100000
691	676	9
691	692	100000
692	691	100000
692	693	100000
692	686	102
694	693	100000
694	695	100000
694	664	36
695	628	43
695	694	100000
695	696	100000
696	695	100000
696	697	100000
696	682	57
697	690	15
697	696	100000
697	698	100000
698	610	140
698	808	156
698	697	100000
698	699	100000
698	700	172
699	808	189
699	698	100000
699	796	177
699	700	100000
700	698	172
700	699	100000
700	797	2
700	701	100000
702	609	23
702	610	137
702	701	100000
702	703	100000
703	704	100000
703	613	71
703	702	100000
704	705	100000
704	660	115
704	661	33
704	703	100000
705	704	100000
705	706	100000
705	661	114
707	706	100000
707	708	100000
707	631	102
708	707	100000
708	709	100000
708	777	69
709	708	100000
709	789	59
709	710	100000
709	780	113
710	709	100000
710	919	44
710	711	100000
710	921	118
711	710	100000
711	712	100000
711	863	79
712	711	100000
712	713	100000
712	714	2
712	715	31
713	712	100000
713	922	54
713	714	100000
714	712	2
714	921	35
714	713	100000
714	922	115
714	715	100000
715	712	31
715	714	100000
715	716	100000
716	720	50
716	715	100000
716	717	100000
718	723	47
718	717	100000
718	719	100000
719	720	100000
719	721	132
719	718	100000
720	721	100000
720	724	62
720	986	66
720	716	50
720	732	22
720	719	100000
721	720	100000
721	722	100000
721	723	147
721	719	132
723	721	147
723	722	100000
723	724	100000
723	718	47
724	720	62
724	723	100000
724	725	100000
724	727	57
725	931	118
725	724	100000
725	726	100000
725	729	101
727	724	57
727	726	100000
727	728	100000
727	730	83
728	727	100000
728	729	100000
728	975	1
729	740	142
729	725	101
729	728	100000
729	730	100000
729	735	35
730	737	117
730	727	83
730	729	100000
730	731	100000
730	975	110
731	736	80
731	730	100000
731	732	100000
731	733	52
732	720	22
732	731	100000
732	988	27
732	733	100000
733	736	46
733	930	87
733	731	52
733	732	100000
733	734	100000
734	988	29
734	733	100000
734	735	100000
735	736	100000
735	739	113
735	755	114
735	729	35
735	734	100000
736	737	100000
736	738	5
736	930	169
736	731	80
736	733	46
736	735	100000
737	736	100000
737	738	100000
737	730	117
738	736	5
738	929	47
738	737	100000
738	739	100000
738	744	45
739	738	100000
739	740	100000
739	747	18
739	748	168
739	735	113
740	739	100000
740	741	100000
740	729	142
740	746	136
742	753	14
742	755	162
742	741	100000
742	743	100000
743	929	30
743	930	90
743	931	193
743	742	100000
743	744	100000
744	738	45
744	743	100000
744	745	100000
744	927	149
745	744	100000
745	746	100000
745	973	199
745	974	73
746	740	136
746	756	194
746	745	100000
746	747	100000
746	941	113
747	739	18
747	746	100000
747	748	100000
747	749	196
748	739	168
748	747	100000
748	749	100000
748	766	32
749	747	196
749	748	100000
749	750	100000
749	943	97
750	752	79
750	925	134
750	749	100000
750	751	100000
751	752	100000
751	973	181
751	750	100000
751	975	177
752	753	100000
752	750	79
752	751	100000
753	752	100000
753	754	100000
753	742	14
753	774	148
754	929	120
754	753	100000
754	755	100000
755	754	100000
755	756	100000
755	742	162
755	761	154
755	735	114
756	755	100000
756	757	100000
756	746	194
756	767	34
758	773	173
758	757	100000
758	759	100000
758	760	88
758	782	54
759	758	100000
759	760	100000
759	940	192
760	758	88
760	774	88
760	759	100000
760	761	100000
760	972	106
760	927	55
761	755	154
761	787	159
761	760	100000
761	762	100000
761	765	106
762	769	81
762	761	100000
762	763	100000
762	764	125
764	762	125
764	763	100000
764	765	100000
765	761	106
765	810	161
765	764	100000
765	766	100000
766	748	32
766	989	137
766	765	100000
766	767	100000
767	768	100000
767	979	189
767	756	34
767	766	100000
769	768	100000
769	770	100000
769	984	126
769	762	81
770	769	100000
770	771	100000
770	772	37
770	805	72
772	770	37
772	771	100000
772	773	100000
773	772	100000
773	758	173
773	774	100000
773	793	130
774	753	148
774	773	100000
774	775	100000
774	760	88
774	938	33
775	774	100000
775	776	100000
775	478	83
776	775	100000
776	777	100000
776	478	91
777	708	69
777	789	125
777	790	140
777	776	100000
777	778	100000
778	804	65
778	777	100000
778	779	100000
778	780	115
778	958	119
780	709	113
780	778	115
780	779	100000
780	781	100000
781	780	100000
781	782	100000
781	783	25
782	758	54
782	793	147
782	940	44
782	781	100000
782	783	100000
783	784	100000
783	781	25
783	782	100000
784	801	156
784	785	100000
784	786	18
784	783	100000
786	784	18
786	785	100000
786	787	100000
787	786	100000
787	788	100000
787	791	20
787	761	159
787	938	197
788	787	100000
788	789	100000
788	790	64
788	796	173
789	788	100000
789	709	59
789	790	100000
789	777	125
790	788	64
790	789	100000
790	791	100000
790	777	140
790	797	63
791	787	20
791	790	100000
791	792	100000
791	937	138
791	795	64
792	791	100000
792	793	100000
792	794	31
792	814	98
792	815	3
793	773	130
793	792	100000
793	794	100000
793	782	147
794	792	31
794	793	100000
794	938	28
794	939	181
794	795	100000
795	801	7
795	791	64
795	936	41
795	794	100000
795	796	100000
796	788	173
796	699	177
796	795	100000
796	797	100000
797	790	63
797	700	2
797	796	100000
797	798	100000
798	800	60
798	807	147
798	797	100000
798	799	100000
799	960	168
799	800	100000
799	958	89
799	798	100000
800	801	100000
800	798	60
800	799	100000
801	784	156
801	800	100000
801	802	100000
801	810	95
801	795	7
802	992	191
802	801	100000
802	803	100000
802	920	39
802	382	158
803	402	177
803	802	100000
803	804	100000
803	841	131
803	298	124
804	803	100000
804	805	100000
804	778	65
804	828	174
804	844	62
805	770	72
805	804	100000
805	806	100000
805	829	9
806	979	18
806	981	104
806	805	100000
806	807	100000
807	806	100000
807	808	100000
807	809	38
807	478	6
807	798	147
808	807	100000
808	616	69
808	809	100000
808	698	156
808	699	189
808	828	176
809	818	195
809	807	38
809	808	100000
809	953	98
809	810	100000
810	801	95
810	820	58
810	809	100000
810	811	100000
810	812	183
810	765	161
811	616	72
811	810	100000
811	812	100000
811	831	48
812	823	129
812	810	183
812	811	100000
812	813	100000
813	812	100000
813	941	61
813	942	124
813	814	100000
813	943	52
814	837	147
814	792	98
814	824	133
814	813	100000
814	815	100000
815	816	100000
815	837	120
815	792	3
815	875	67
815	814	100000
816	817	100000
816	818	160
816	840	175
816	830	131
816	815	100000
817	976	134
817	816	100000
817	818	100000
818	816	160
818	817	100000
818	819	100000
818	809	195
819	832	101
819	818	100000
819	820	100000
819	845	101
820	833	84
820	819	100000
820	821	100000
820	951	90
820	810	58
821	835	164
821	820	100000
821	822	100000
821	823	127
823	821	127
823	822	100000
823	951	88
823	824	100000
823	812	129
823	942	135
824	823	100000
824	825	100000
824	814	133
825	401	117
825	402	17
825	403	53
825	824	100000
825	826	100000
826	825	100000
826	842	141
826	827	100000
826	828	186
826	847	125
828	804	174
828	869	64
828	808	176
828	826	186
828	827	100000
828	829	100000
829	805	9
829	838	154
829	828	100000
829	830	100000
830	816	131
830	829	100000
830	831	100000
831	624	24
831	832	100000
831	842	87
831	811	48
831	830	100000
832	833	100000
832	834	190
832	819	101
832	831	100000
833	832	100000
833	834	100000
833	820	84
833	936	117
834	832	190
834	833	100000
834	835	100000
834	937	126
834	939	116
835	834	100000
835	836	100000
835	821	164
835	838	12
837	866	177
837	836	100000
837	838	100000
837	814	147
837	815	120
838	835	12
838	837	100000
838	839	100000
838	858	150
838	829	154
839	852	190
839	838	100000
839	840	100000
839	959	181
840	816	175
840	839	100000
840	952	92
840	953	121
840	841	100000
841	403	75
841	803	131
841	840	100000
841	842	100000
842	841	100000
842	826	141
842	843	100000
842	831	87
842	879	134
843	869	148
843	842	100000
843	844	100000
843	846	126
844	804	62
844	843	100000
844	845	100000
845	864	169
845	819	101
845	855	102
845	844	100000
845	846	100000
846	851	11
846	969	149
846	843	126
846	845	100000
846	847	100000
847	848	100000
847	826	125
847	859	138
847	846	100000
849	848	100000
849	961	37
849	850	100000
849	851	135
850	849	100000
850	962	48
850	851	100000
850	959	17
851	849	135
851	850	100000
851	852	100000
851	970	108
851	846	11
852	851	100000
852	853	100000
852	839	190
852	856	197
852	862	71
853	852	100000
853	85	175
853	854	100000
854	853	100000
854	903	93
854	855	100000
855	950	165
855	854	100000
855	951	127
855	856	100000
855	845	102
856	883	58
856	852	197
856	855	100000
856	857	100000
856	877	122
857	882	99
857	872	47
857	856	100000
857	858	100000
858	838	150
858	951	200
858	952	33
858	857	100000
858	859	100000
859	868	130
859	858	100000
859	860	100000
859	878	118
859	847	138
860	963	196
860	859	100000
860	876	86
860	861	100000
860	862	61
861	961	128
861	964	180
861	971	148
861	860	100000
861	862	100000
862	962	136
862	852	71
862	860	61
862	877	1
862	861	100000
862	863	100000
863	864	100000
863	711	79
863	862	100000
864	865	100000
864	867	40
864	950	91
864	845	169
864	863	100000
865	864	100000
865	866	100000
865	870	136
865	886	27
866	945	60
866	865	100000
866	867	100000
866	837	177
867	864	40
867	866	100000
867	868	100000
867	874	119
867	893	159
868	867	100000
868	869	100000
868	966	61
868	859	130
869	868	100000
869	870	100000
869	843	148
869	828	64
870	865	136
870	884	79
870	869	100000
870	871	100000
872	871	100000
872	857	47
872	873	100000
874	867	119
874	873	100000
874	875	100000
874	894	142
875	888	164
875	874	100000
875	891	105
875	876	100000
875	815	67
876	880	78
876	875	100000
876	860	86
876	877	100000
877	883	4
877	856	122
877	876	100000
877	862	1
877	878	100000
878	859	118
878	877	100000
878	879	100000
879	880	100000
879	842	134
879	685	35
879	878	100000
880	881	100000
880	876	78
880	879	100000
881	880	100000
881	882	100000
881	883	144
882	881	100000
882	883	100000
882	952	17
882	857	99
883	881	144
883	882	100000
883	884	100000
883	856	58
883	952	198
883	877	4
884	883	100000
884	885	100000
884	870	79
885	897	172
885	946	77
885	884	100000
885	886	100000
886	944	177
886	865	27
886	945	99
886	885	100000
886	887	100000
887	886	100000
887	888	100000
887	889	141
887	894	190
888	948	196
888	887	100000
888	889	100000
888	875	164
888	891	83
889	887	141
889	888	100000
889	890	100000
890	889	100000
890	891	100000
890	892	99
891	888	83
891	890	100000
891	875	105
891	892	100000
892	946	144
892	947	127
892	890	99
892	891	100000
892	893	100000
893	867	159
893	901	141
893	892	100000
893	894	100000
894	994	143
894	887	190
894	874	142
894	893	100000
894	895	100000
895	896	100000
895	85	192
895	894	100000
897	896	100000
897	898	100000
897	885	172
901	900	100000
901	902	100000
901	893	141
903	854	93
903	902	100000
903	904	100000
903	905	180
905	903	180
905	904	100000
905	906	100000
908	955	43
908	907	100000
908	909	100000
909	954	180
909	955	163
909	908	100000
909	910	100000
919	710	44
919	918	100000
919	920	100000
920	802	39
920	919	100000
920	921	100000
921	710	118
921	920	100000
921	714	35
921	922	100000
922	713	54
922	921	100000
922	714	115
922	923	100000
925	928	142
925	924	100000
925	750	134
925	926	100000
927	928	100000
927	929	87
927	744	149
927	760	55
927	972	55
927	926	100000
928	929	100000
928	925	142
928	927	100000
929	928	100000
929	738	47
929	754	120
929	930	100000
929	743	30
929	927	87
930	736	169
930	929	100000
930	931	100000
930	743	90
930	733	87
931	930	100000
931	932	100000
931	725	118
931	743	193
933	932	100000
933	934	100000
933	953	166
934	960	122
934	933	100000
934	935	100000
936	833	117
936	935	100000
936	937	100000
936	795	41
937	834	126
937	791	138
937	936	100000
937	938	100000
937	939	48
938	787	197
938	774	33
938	937	100000
938	794	28
938	939	100000
939	834	116
939	937	48
939	794	181
939	938	100000
939	940	100000
940	759	192
940	939	100000
940	941	100000
940	782	44
941	746	113
941	940	100000
941	813	61
941	990	133
941	942	100000
942	823	135
942	813	124
942	941	100000
942	943	100000
943	944	100000
943	749	97
943	813	52
943	942	100000
944	945	100000
944	886	177
944	943	100000
945	944	100000
945	866	60
945	946	100000
945	886	99
946	945	100000
946	947	100000
946	885	77
946	949	127
946	892	144
947	946	100000
947	948	100000
947	892	127
948	947	100000
948	949	100000
948	888	196
949	946	127
949	948	100000
949	950	100000
950	864	91
950	949	100000
950	855	165
950	951	100000
951	820	90
951	950	100000
951	823	88
951	855	127
951	952	100000
951	858	200
952	882	17
952	883	198
952	951	100000
952	840	92
952	953	100000
952	858	33
953	933	166
953	840	121
953	952	100000
953	809	98
953	954	100000
954	953	100000
954	955	100000
954	956	170
954	909	180
954	957	83
955	954	100000
955	908	43
955	956	100000
955	909	163
956	969	95
956	954	170
956	970	54
956	955	100000
956	957	100000
957	966	165
957	968	4
957	954	83
957	956	100000
957	958	100000
958	960	22
958	778	119
958	957	100000
958	799	89
958	959	100000
959	960	100000
959	850	17
959	962	171
959	839	181
959	958	100000
960	961	100000
960	934	122
960	958	22
960	799	168
960	959	100000
961	960	100000
961	849	37
961	962	100000
961	964	48
961	971	103
961	861	128
962	961	100000
962	850	48
962	963	100000
962	971	142
962	862	136
962	959	171
963	962	100000
963	964	100000
963	965	7
963	860	196
964	961	48
964	963	100000
964	965	100000
964	861	180
965	963	7
965	964	100000
965	966	100000
966	868	61
966	965	100000
966	967	100000
966	957	165
968	967	100000
968	969	100000
968	957	4
969	968	100000
969	970	100000
969	956	95
969	846	149
970	851	108
970	969	100000
970	971	100000
970	956	54
971	961	103
971	962	142
971	970	100000
971	972	100000
971	861	148
972	760	106
972	971	100000
972	973	100000
972	974	52
972	927	55
973	745	199
973	972	100000
973	974	100000
973	751	181
974	745	73
974	972	52
974	973	100000
974	975	100000
975	976	100000
975	728	1
975	730	110
975	974	100000
975	751	177
976	817	134
976	977	100000
976	978	163
976	975	100000
977	976	100000
977	978	100000
977	984	38
978	976	163
978	977	100000
978	979	100000
979	978	100000
979	980	100000
979	806	18
979	767	189
981	980	100000
981	806	104
981	982	100000
984	769	126
984	977	38
984	983	100000
984	985	100000
985	984	100000
985	986	100000
985	987	163
986	720	66
986	985	100000
986	987	100000
986	988	143
987	985	163
987	986	100000
987	988	100000
988	986	143
988	987	100000
988	732	27
988	989	100000
988	734	29
989	988	100000
989	766	137
989	990	100000
990	941	133
990	989	100000
990	991	100000
991	992	100000
991	993	153
991	363	129
991	990	100000
992	993	100000
992	802	191
992	991	100000
993	992	100000
993	994	100000
993	991	153
994	993	100000
994	995	100000
994	894	143
